  1.01780E+03  2.90500E+02  1.35000E+01
   0.0  2.88300E+02  9.45000E+00  3.00000E+00 -9.00000E+00
   5.0  2.88300E+02  9.45000E+00  3.02150E+00 -8.97200E+00
  10.0  2.88300E+02  9.45000E+00  3.04300E+00 -8.94400E+00
  15.0  2.88300E+02  9.45000E+00  3.06450E+00 -8.91600E+00
  20.0  2.88300E+02  9.45000E+00  3.08600E+00 -8.88800E+00
  25.0  2.88300E+02  9.45000E+00  3.10750E+00 -8.86000E+00
  30.0  2.88300E+02  9.45000E+00  3.12900E+00 -8.83200E+00
  35.0  2.88300E+02  9.45000E+00  3.15050E+00 -8.80400E+00
  40.0  2.88300E+02  9.45000E+00  3.17200E+00 -8.77600E+00
  45.0  2.88300E+02  9.45000E+00  3.19350E+00 -8.74800E+00
  50.0  2.88300E+02  9.45000E+00  3.21500E+00 -8.72000E+00
  55.0  2.88300E+02  9.45000E+00  3.23650E+00 -8.69200E+00
  60.0  2.88300E+02  9.45000E+00  3.25800E+00 -8.66400E+00
  65.0  2.88300E+02  9.45000E+00  3.27950E+00 -8.63600E+00
  70.0  2.88300E+02  9.45000E+00  3.30100E+00 -8.60800E+00
  75.0  2.88300E+02  9.45000E+00  3.32250E+00 -8.58000E+00
  80.0  2.88300E+02  9.45000E+00  3.34400E+00 -8.55200E+00
  85.0  2.88300E+02  9.45000E+00  3.36550E+00 -8.52400E+00
  90.0  2.88300E+02  9.45000E+00  3.38700E+00 -8.49600E+00
  95.0  2.88300E+02  9.45000E+00  3.40850E+00 -8.46800E+00
 100.0  2.88300E+02  9.45000E+00  3.43000E+00 -8.44000E+00
 105.0  2.88300E+02  9.45000E+00  3.45150E+00 -8.41200E+00
 110.0  2.88300E+02  9.45000E+00  3.47300E+00 -8.38400E+00
 115.0  2.88300E+02  9.45000E+00  3.49450E+00 -8.35600E+00
 120.0  2.88300E+02  9.45000E+00  3.51600E+00 -8.32800E+00
 125.0  2.88300E+02  9.45000E+00  3.53750E+00 -8.30000E+00
 130.0  2.88300E+02  9.45000E+00  3.55900E+00 -8.27200E+00
 135.0  2.88300E+02  9.45000E+00  3.58050E+00 -8.24400E+00
 140.0  2.88300E+02  9.45000E+00  3.60200E+00 -8.21600E+00
 145.0  2.88300E+02  9.45000E+00  3.62350E+00 -8.18800E+00
 150.0  2.88300E+02  9.45000E+00  3.64500E+00 -8.16000E+00
 155.0  2.88300E+02  9.45000E+00  3.66650E+00 -8.13200E+00
 160.0  2.88300E+02  9.45000E+00  3.68800E+00 -8.10400E+00
 165.0  2.88300E+02  9.45000E+00  3.70950E+00 -8.07600E+00
 170.0  2.88300E+02  9.45000E+00  3.73100E+00 -8.04800E+00
 175.0  2.88300E+02  9.45000E+00  3.75250E+00 -8.02000E+00
 180.0  2.88300E+02  9.45000E+00  3.77400E+00 -7.99200E+00
 185.0  2.88300E+02  9.45000E+00  3.79550E+00 -7.96400E+00
 190.0  2.88300E+02  9.45000E+00  3.81700E+00 -7.93600E+00
 195.0  2.88300E+02  9.45000E+00  3.83850E+00 -7.90800E+00
 200.0  2.88300E+02  9.45000E+00  3.86000E+00 -7.88000E+00
 205.0  2.88300E+02  9.45000E+00  3.88150E+00 -7.85200E+00
 210.0  2.88300E+02  9.45000E+00  3.90300E+00 -7.82400E+00
 215.0  2.88300E+02  9.45000E+00  3.92450E+00 -7.79600E+00
 220.0  2.88300E+02  9.45000E+00  3.94600E+00 -7.76800E+00
 225.0  2.88300E+02  9.45000E+00  3.96750E+00 -7.74000E+00
 230.0  2.88300E+02  9.45000E+00  3.98900E+00 -7.71200E+00
 235.0  2.88300E+02  9.45000E+00  4.01050E+00 -7.68400E+00
 240.0  2.88300E+02  9.45000E+00  4.03200E+00 -7.65600E+00
 245.0  2.88300E+02  9.45000E+00  4.05350E+00 -7.62800E+00
 250.0  2.88300E+02  9.45000E+00  4.07500E+00 -7.60000E+00
 255.0  2.88300E+02  9.45000E+00  4.09650E+00 -7.57200E+00
 260.0  2.88300E+02  9.45000E+00  4.11800E+00 -7.54400E+00
 265.0  2.88300E+02  9.45000E+00  4.13950E+00 -7.51600E+00
 270.0  2.88300E+02  9.45000E+00  4.16100E+00 -7.48800E+00
 275.0  2.88300E+02  9.45000E+00  4.18250E+00 -7.46000E+00
 280.0  2.88300E+02  9.45000E+00  4.20400E+00 -7.43200E+00
 285.0  2.88300E+02  9.45000E+00  4.22550E+00 -7.40400E+00
 290.0  2.88300E+02  9.45000E+00  4.24700E+00 -7.37600E+00
 295.0  2.88300E+02  9.45000E+00  4.26850E+00 -7.34800E+00
 300.0  2.88300E+02  9.45000E+00  4.29000E+00 -7.32000E+00
 305.0  2.88300E+02  9.45000E+00  4.31150E+00 -7.29200E+00
 310.0  2.88300E+02  9.45000E+00  4.33300E+00 -7.26400E+00
 315.0  2.88300E+02  9.45000E+00  4.35450E+00 -7.23600E+00
 320.0  2.88300E+02  9.45000E+00  4.37600E+00 -7.20800E+00
 325.0  2.88300E+02  9.45000E+00  4.39750E+00 -7.18000E+00
 330.0  2.88300E+02  9.45000E+00  4.41900E+00 -7.15200E+00
 335.0  2.88300E+02  9.45000E+00  4.44050E+00 -7.12400E+00
 340.0  2.88300E+02  9.45000E+00  4.46200E+00 -7.09600E+00
 345.0  2.88300E+02  9.45000E+00  4.48350E+00 -7.06800E+00
 350.0  2.88300E+02  9.45000E+00  4.50500E+00 -7.04000E+00
 355.0  2.88300E+02  9.45000E+00  4.52650E+00 -7.01200E+00
 360.0  2.88300E+02  9.45000E+00  4.54800E+00 -6.98400E+00
 365.0  2.88300E+02  9.45000E+00  4.56950E+00 -6.95600E+00
 370.0  2.88300E+02  9.45000E+00  4.59100E+00 -6.92800E+00
 375.0  2.88300E+02  9.45000E+00  4.61250E+00 -6.90000E+00
 380.0  2.88300E+02  9.45000E+00  4.63400E+00 -6.87200E+00
 385.0  2.88300E+02  9.45000E+00  4.65550E+00 -6.84400E+00
 390.0  2.88300E+02  9.45000E+00  4.67700E+00 -6.81600E+00
 395.0  2.88300E+02  9.45000E+00  4.69850E+00 -6.78800E+00
 400.0  2.88300E+02  9.45000E+00  4.72000E+00 -6.76000E+00
 405.0  2.88300E+02  9.45000E+00  4.74150E+00 -6.73200E+00
 410.0  2.88300E+02  9.45000E+00  4.76300E+00 -6.70400E+00
 415.0  2.88300E+02  9.45000E+00  4.78450E+00 -6.67600E+00
 420.0  2.88300E+02  9.45000E+00  4.80600E+00 -6.64800E+00
 425.0  2.88300E+02  9.45000E+00  4.82750E+00 -6.62000E+00
 430.0  2.88300E+02  9.45000E+00  4.84900E+00 -6.59200E+00
 435.0  2.88300E+02  9.45000E+00  4.87050E+00 -6.56400E+00
 440.0  2.88300E+02  9.45000E+00  4.89200E+00 -6.53600E+00
 445.0  2.88300E+02  9.45000E+00  4.91350E+00 -6.50800E+00
 450.0  2.88300E+02  9.45000E+00  4.93500E+00 -6.48000E+00
 455.0  2.88300E+02  9.45000E+00  4.95650E+00 -6.45200E+00
 460.0  2.88300E+02  9.45000E+00  4.97800E+00 -6.42400E+00
 465.0  2.88300E+02  9.45000E+00  4.99950E+00 -6.39600E+00
 470.0  2.88300E+02  9.45000E+00  5.02100E+00 -6.36800E+00
 475.0  2.88300E+02  9.45000E+00  5.04250E+00 -6.34000E+00
 480.0  2.88300E+02  9.45000E+00  5.06400E+00 -6.31200E+00
 485.0  2.88300E+02  9.45000E+00  5.08550E+00 -6.28400E+00
 490.0  2.88300E+02  9.45000E+00  5.10700E+00 -6.25600E+00
 495.0  2.88300E+02  9.45000E+00  5.12850E+00 -6.22800E+00
 500.0  2.88300E+02  9.45000E+00  5.15000E+00 -6.20000E+00
 505.0  2.88300E+02  9.45000E+00  5.17150E+00 -6.17200E+00
 510.0  2.88300E+02  9.45000E+00  5.19300E+00 -6.14400E+00
 515.0  2.88300E+02  9.45000E+00  5.21450E+00 -6.11600E+00
 520.0  2.88300E+02  9.45000E+00  5.23600E+00 -6.08800E+00
 525.0  2.88300E+02  9.45000E+00  5.25750E+00 -6.06000E+00
 530.0  2.88300E+02  9.45000E+00  5.27900E+00 -6.03200E+00
 535.0  2.88300E+02  9.45000E+00  5.30050E+00 -6.00400E+00
 540.0  2.88300E+02  9.45000E+00  5.32200E+00 -5.97600E+00
 545.0  2.88300E+02  9.45000E+00  5.34350E+00 -5.94800E+00
 550.0  2.88300E+02  9.45000E+00  5.36500E+00 -5.92000E+00
 555.0  2.88300E+02  9.45000E+00  5.38650E+00 -5.89200E+00
 560.0  2.88300E+02  9.45000E+00  5.40800E+00 -5.86400E+00
 565.0  2.88300E+02  9.45000E+00  5.42950E+00 -5.83600E+00
 570.0  2.88300E+02  9.45000E+00  5.45100E+00 -5.80800E+00
 575.0  2.88300E+02  9.45000E+00  5.47250E+00 -5.78000E+00
 580.0  2.88300E+02  9.45000E+00  5.49400E+00 -5.75200E+00
 585.0  2.88300E+02  9.45000E+00  5.51550E+00 -5.72400E+00
 590.0  2.88300E+02  9.45000E+00  5.53700E+00 -5.69600E+00
 595.0  2.88300E+02  9.45000E+00  5.55850E+00 -5.66800E+00
 600.0  2.88300E+02  9.45000E+00  5.58000E+00 -5.64000E+00
 605.0  2.88300E+02  9.45000E+00  5.60150E+00 -5.61200E+00
 610.0  2.88300E+02  9.45000E+00  5.62300E+00 -5.58400E+00
 615.0  2.88300E+02  9.45000E+00  5.64450E+00 -5.55600E+00
 620.0  2.88300E+02  9.45000E+00  5.66600E+00 -5.52800E+00
 625.0  2.88300E+02  9.45000E+00  5.68750E+00 -5.50000E+00
 630.0  2.88300E+02  9.45000E+00  5.70900E+00 -5.47200E+00
 635.0  2.88300E+02  9.45000E+00  5.73050E+00 -5.44400E+00
 640.0  2.88300E+02  9.45000E+00  5.75200E+00 -5.41600E+00
 645.0  2.88300E+02  9.45000E+00  5.77350E+00 -5.38800E+00
 650.0  2.88300E+02  9.45000E+00  5.79500E+00 -5.36000E+00
 655.0  2.88300E+02  9.45000E+00  5.81650E+00 -5.33200E+00
 660.0  2.88300E+02  9.45000E+00  5.83800E+00 -5.30400E+00
 665.0  2.88300E+02  9.45000E+00  5.85950E+00 -5.27600E+00
 670.0  2.88300E+02  9.45000E+00  5.88100E+00 -5.24800E+00
 675.0  2.88300E+02  9.45000E+00  5.90250E+00 -5.22000E+00
 680.0  2.88300E+02  9.45000E+00  5.92400E+00 -5.19200E+00
 685.0  2.88300E+02  9.45000E+00  5.94550E+00 -5.16400E+00
 690.0  2.88300E+02  9.45000E+00  5.96700E+00 -5.13600E+00
 695.0  2.88300E+02  9.45000E+00  5.98850E+00 -5.10800E+00
 700.0  2.88300E+02  9.45000E+00  6.01000E+00 -5.08000E+00
 705.0  2.88300E+02  9.45000E+00  6.03150E+00 -5.05200E+00
 710.0  2.88300E+02  9.45000E+00  6.05300E+00 -5.02400E+00
 715.0  2.88300E+02  9.45000E+00  6.07450E+00 -4.99600E+00
 720.0  2.88300E+02  9.45000E+00  6.09600E+00 -4.96800E+00
 725.0  2.88300E+02  9.45000E+00  6.11750E+00 -4.94000E+00
 730.0  2.88300E+02  9.45000E+00  6.13900E+00 -4.91200E+00
 735.0  2.88300E+02  9.45000E+00  6.16050E+00 -4.88400E+00
 740.0  2.88300E+02  9.45000E+00  6.18200E+00 -4.85600E+00
 745.0  2.88300E+02  9.45000E+00  6.20350E+00 -4.82800E+00
 750.0  2.88300E+02  9.45000E+00  6.22500E+00 -4.80000E+00
 755.0  2.88300E+02  9.45000E+00  6.24650E+00 -4.77200E+00
 760.0  2.88300E+02  9.45000E+00  6.26800E+00 -4.74400E+00
 765.0  2.88300E+02  9.45000E+00  6.28950E+00 -4.71600E+00
 770.0  2.88300E+02  9.45000E+00  6.31100E+00 -4.68800E+00
 775.0  2.88300E+02  9.45000E+00  6.33250E+00 -4.66000E+00
 780.0  2.88300E+02  9.45000E+00  6.35400E+00 -4.63200E+00
 785.0  2.88300E+02  9.45000E+00  6.37550E+00 -4.60400E+00
 790.0  2.88300E+02  9.45000E+00  6.39700E+00 -4.57600E+00
 795.0  2.88300E+02  9.45000E+00  6.41850E+00 -4.54800E+00
 800.0  2.96710E+02  4.97015E+00  6.44000E+00 -4.52000E+00
 805.0  2.97154E+02  4.94060E+00  6.46150E+00 -4.49200E+00
 810.0  2.97466E+02  4.91134E+00  6.48300E+00 -4.46400E+00
 815.0  2.97714E+02  4.88237E+00  6.50450E+00 -4.43600E+00
 820.0  2.97924E+02  4.85369E+00  6.52600E+00 -4.40800E+00
 825.0  2.98107E+02  4.82529E+00  6.54750E+00 -4.38000E+00
 830.0  2.98271E+02  4.79718E+00  6.56900E+00 -4.35200E+00
 835.0  2.98420E+02  4.76935E+00  6.59050E+00 -4.32400E+00
 840.0  2.98557E+02  4.74179E+00  6.61200E+00 -4.29600E+00
 845.0  2.98684E+02  4.71451E+00  6.63350E+00 -4.26800E+00
 850.0  2.98803E+02  4.68750E+00  6.65500E+00 -4.24000E+00
 855.0  2.98915E+02  4.66076E+00  6.67650E+00 -4.21200E+00
 860.0  2.99021E+02  4.63429E+00  6.69800E+00 -4.18400E+00
 865.0  2.99121E+02  4.60807E+00  6.71950E+00 -4.15600E+00
 870.0  2.99217E+02  4.58212E+00  6.74100E+00 -4.12800E+00
 875.0  2.99309E+02  4.55643E+00  6.76250E+00 -4.10000E+00
 880.0  2.99397E+02  4.53099E+00  6.78400E+00 -4.07200E+00
 885.0  2.99481E+02  4.50581E+00  6.80550E+00 -4.04400E+00
 890.0  2.99563E+02  4.48088E+00  6.82700E+00 -4.01600E+00
 895.0  2.99642E+02  4.45619E+00  6.84850E+00 -3.98800E+00
 900.0  2.99718E+02  4.43175E+00  6.87000E+00 -3.96000E+00
 905.0  2.99791E+02  4.40756E+00  6.89150E+00 -3.93200E+00
 910.0  2.99863E+02  4.38360E+00  6.91300E+00 -3.90400E+00
 915.0  2.99932E+02  4.35988E+00  6.93450E+00 -3.87600E+00
 920.0  3.00000E+02  4.33640E+00  6.95600E+00 -3.84800E+00
 925.0  3.00066E+02  4.31315E+00  6.97750E+00 -3.82000E+00
 930.0  3.00130E+02  4.29014E+00  6.99900E+00 -3.79200E+00
 935.0  3.00192E+02  4.26735E+00  7.02050E+00 -3.76400E+00
 940.0  3.00254E+02  4.24479E+00  7.04200E+00 -3.73600E+00
 945.0  3.00313E+02  4.22245E+00  7.06350E+00 -3.70800E+00
 950.0  3.00372E+02  4.20034E+00  7.08500E+00 -3.68000E+00
 955.0  3.00429E+02  4.17845E+00  7.10650E+00 -3.65200E+00
 960.0  3.00485E+02  4.15677E+00  7.12800E+00 -3.62400E+00
 965.0  3.00540E+02  4.13531E+00  7.14950E+00 -3.59600E+00
 970.0  3.00593E+02  4.11406E+00  7.17100E+00 -3.56800E+00
 975.0  3.00646E+02  4.09303E+00  7.19250E+00 -3.54000E+00
 980.0  3.00698E+02  4.07220E+00  7.21400E+00 -3.51200E+00
 985.0  3.00749E+02  4.05158E+00  7.23550E+00 -3.48400E+00
 990.0  3.00799E+02  4.03117E+00  7.25700E+00 -3.45600E+00
 995.0  3.00848E+02  4.01096E+00  7.27850E+00 -3.42800E+00
1000.0  3.00896E+02  3.99095E+00  7.30000E+00 -3.40000E+00
1005.0  3.00944E+02  3.97114E+00  7.32150E+00 -3.37200E+00
1010.0  3.00991E+02  3.95153E+00  7.34300E+00 -3.34400E+00
1015.0  3.01037E+02  3.93211E+00  7.36450E+00 -3.31600E+00
1020.0  3.01082E+02  3.91288E+00  7.38600E+00 -3.28800E+00
1025.0  3.01127E+02  3.89385E+00  7.40750E+00 -3.26000E+00
1030.0  3.01171E+02  3.87501E+00  7.42900E+00 -3.23200E+00
1035.0  3.01214E+02  3.85635E+00  7.45050E+00 -3.20400E+00
1040.0  3.01257E+02  3.83788E+00  7.47200E+00 -3.17600E+00
1045.0  3.01300E+02  3.81959E+00  7.49350E+00 -3.14800E+00
1050.0  3.01341E+02  3.80149E+00  7.51500E+00 -3.12000E+00
1055.0  3.01383E+02  3.78356E+00  7.53650E+00 -3.09200E+00
1060.0  3.01423E+02  3.76581E+00  7.55800E+00 -3.06400E+00
1065.0  3.01463E+02  3.74824E+00  7.57950E+00 -3.03600E+00
1070.0  3.01503E+02  3.73085E+00  7.60100E+00 -3.00800E+00
1075.0  3.01542E+02  3.71363E+00  7.62250E+00 -2.98000E+00
1080.0  3.01581E+02  3.69658E+00  7.64400E+00 -2.95200E+00
1085.0  3.01619E+02  3.67970E+00  7.66550E+00 -2.92400E+00
1090.0  3.01657E+02  3.66298E+00  7.68700E+00 -2.89600E+00
1095.0  3.01694E+02  3.64643E+00  7.70850E+00 -2.86800E+00
1100.0  3.01731E+02  3.63005E+00  7.73000E+00 -2.84000E+00
1105.0  3.01768E+02  3.61383E+00  7.75150E+00 -2.81200E+00
1110.0  3.01804E+02  3.59778E+00  7.77300E+00 -2.78400E+00
1115.0  3.01840E+02  3.58188E+00  7.79450E+00 -2.75600E+00
1120.0  3.01875E+02  3.56614E+00  7.81600E+00 -2.72800E+00
1125.0  3.01910E+02  3.55055E+00  7.83750E+00 -2.70000E+00
1130.0  3.01945E+02  3.53513E+00  7.85900E+00 -2.67200E+00
1135.0  3.01980E+02  3.51985E+00  7.88050E+00 -2.64400E+00
1140.0  3.02014E+02  3.50473E+00  7.90200E+00 -2.61600E+00
1145.0  3.02047E+02  3.48976E+00  7.92350E+00 -2.58800E+00
1150.0  3.02081E+02  3.47493E+00  7.94500E+00 -2.56000E+00
1155.0  3.02114E+02  3.46026E+00  7.96650E+00 -2.53200E+00
1160.0  3.02147E+02  3.44573E+00  7.98800E+00 -2.50400E+00
1165.0  3.02179E+02  3.43134E+00  8.00950E+00 -2.47600E+00
1170.0  3.02211E+02  3.41710E+00  8.03100E+00 -2.44800E+00
1175.0  3.02243E+02  3.40300E+00  8.05250E+00 -2.42000E+00
1180.0  3.02275E+02  3.38904E+00  8.07400E+00 -2.39200E+00
1185.0  3.02306E+02  3.37522E+00  8.09550E+00 -2.36400E+00
1190.0  3.02337E+02  3.36153E+00  8.11700E+00 -2.33600E+00
1195.0  3.02368E+02  3.34799E+00  8.13850E+00 -2.30800E+00
1200.0  3.02399E+02  3.33457E+00  8.16000E+00 -2.28000E+00
1205.0  3.02429E+02  3.32129E+00  8.18150E+00 -2.25200E+00
1210.0  3.02459E+02  3.30815E+00  8.20300E+00 -2.22400E+00
1215.0  3.02489E+02  3.29513E+00  8.22450E+00 -2.19600E+00
1220.0  3.02518E+02  3.28224E+00  8.24600E+00 -2.16800E+00
1225.0  3.02548E+02  3.26949E+00  8.26750E+00 -2.14000E+00
1230.0  3.02577E+02  3.25685E+00  8.28900E+00 -2.11200E+00
1235.0  3.02606E+02  3.24435E+00  8.31050E+00 -2.08400E+00
1240.0  3.02635E+02  3.23197E+00  8.33200E+00 -2.05600E+00
1245.0  3.02663E+02  3.21971E+00  8.35350E+00 -2.02800E+00
1250.0  3.02691E+02  3.20757E+00  8.37500E+00 -2.00000E+00
1255.0  3.02719E+02  3.19556E+00  8.39650E+00 -1.97200E+00
1260.0  3.02747E+02  3.18366E+00  8.41800E+00 -1.94400E+00
1265.0  3.02775E+02  3.17188E+00  8.43950E+00 -1.91600E+00
1270.0  3.02802E+02  3.16022E+00  8.46100E+00 -1.88800E+00
1275.0  3.02830E+02  3.14868E+00  8.48250E+00 -1.86000E+00
1280.0  3.02857E+02  3.13725E+00  8.50400E+00 -1.83200E+00
1285.0  3.02884E+02  3.12593E+00  8.52550E+00 -1.80400E+00
1290.0  3.02910E+02  3.11473E+00  8.54700E+00 -1.77600E+00
1295.0  3.02937E+02  3.10364E+00  8.56850E+00 -1.74800E+00
1300.0  3.02963E+02  3.09266E+00  8.59000E+00 -1.72000E+00
1305.0  3.02990E+02  3.08178E+00  8.61150E+00 -1.69200E+00
1310.0  3.03016E+02  3.07102E+00  8.63300E+00 -1.66400E+00
1315.0  3.03041E+02  3.06036E+00  8.65450E+00 -1.63600E+00
1320.0  3.03067E+02  3.04981E+00  8.67600E+00 -1.60800E+00
1325.0  3.03093E+02  3.03937E+00  8.69750E+00 -1.58000E+00
1330.0  3.03118E+02  3.02903E+00  8.71900E+00 -1.55200E+00
1335.0  3.03143E+02  3.01879E+00  8.74050E+00 -1.52400E+00
1340.0  3.03168E+02  3.00865E+00  8.76200E+00 -1.49600E+00
1345.0  3.03193E+02  2.99861E+00  8.78350E+00 -1.46800E+00
1350.0  3.03218E+02  2.98868E+00  8.80500E+00 -1.44000E+00
1355.0  3.03243E+02  2.97884E+00  8.82650E+00 -1.41200E+00
1360.0  3.03267E+02  2.96910E+00  8.84800E+00 -1.38400E+00
1365.0  3.03291E+02  2.95946E+00  8.86950E+00 -1.35600E+00
1370.0  3.03316E+02  2.94991E+00  8.89100E+00 -1.32800E+00
1375.0  3.03340E+02  2.94046E+00  8.91250E+00 -1.30000E+00
1380.0  3.03363E+02  2.93110E+00  8.93400E+00 -1.27200E+00
1385.0  3.03387E+02  2.92184E+00  8.95550E+00 -1.24400E+00
1390.0  3.03411E+02  2.91266E+00  8.97700E+00 -1.21600E+00
1395.0  3.03434E+02  2.90358E+00  8.99850E+00 -1.18800E+00
1400.0  3.03458E+02  2.89459E+00  9.02000E+00 -1.16000E+00
1405.0  3.03481E+02  2.88569E+00  9.04150E+00 -1.13200E+00
1410.0  3.03504E+02  2.87688E+00  9.06300E+00 -1.10400E+00
1415.0  3.03527E+02  2.86815E+00  9.08450E+00 -1.07600E+00
1420.0  3.03550E+02  2.85951E+00  9.10600E+00 -1.04800E+00
1425.0  3.03573E+02  2.85096E+00  9.12750E+00 -1.02000E+00
1430.0  3.03595E+02  2.84249E+00  9.14900E+00 -9.92000E-01
1435.0  3.03618E+02  2.83411E+00  9.17050E+00 -9.64000E-01
1440.0  3.03640E+02  2.82581E+00  9.19200E+00 -9.36000E-01
1445.0  3.03662E+02  2.81760E+00  9.21350E+00 -9.08000E-01
1450.0  3.03685E+02  2.80946E+00  9.23500E+00 -8.80000E-01
1455.0  3.03707E+02  2.80141E+00  9.25650E+00 -8.52000E-01
1460.0  3.03729E+02  2.79343E+00  9.27800E+00 -8.24000E-01
1465.0  3.03750E+02  2.78554E+00  9.29950E+00 -7.96000E-01
1470.0  3.03772E+02  2.77772E+00  9.32100E+00 -7.68000E-01
1475.0  3.03794E+02  2.76998E+00  9.34250E+00 -7.40000E-01
1480.0  3.03815E+02  2.76232E+00  9.36400E+00 -7.12000E-01
1485.0  3.03837E+02  2.75474E+00  9.38550E+00 -6.84000E-01
1490.0  3.03858E+02  2.74723E+00  9.40700E+00 -6.56000E-01
1495.0  3.03879E+02  2.73979E+00  9.42850E+00 -6.28000E-01
1500.0  3.03900E+02  2.73243E+00  9.45000E+00 -6.00000E-01
1505.0  3.03921E+02  2.72514E+00  9.47150E+00 -5.72000E-01
1510.0  3.03942E+02  2.71793E+00  9.49300E+00 -5.44000E-01
1515.0  3.03963E+02  2.71078E+00  9.51450E+00 -5.16000E-01
1520.0  3.03984E+02  2.70371E+00  9.53600E+00 -4.88000E-01
1525.0  3.04004E+02  2.69671E+00  9.55750E+00 -4.60000E-01
1530.0  3.04025E+02  2.68978E+00  9.57900E+00 -4.32000E-01
1535.0  3.04045E+02  2.68291E+00  9.60050E+00 -4.04000E-01
1540.0  3.04065E+02  2.67612E+00  9.62200E+00 -3.76000E-01
1545.0  3.04086E+02  2.66939E+00  9.64350E+00 -3.48000E-01
1550.0  3.04106E+02  2.66273E+00  9.66500E+00 -3.20000E-01
1555.0  3.04126E+02  2.65614E+00  9.68650E+00 -2.92000E-01
1560.0  3.04146E+02  2.64961E+00  9.70800E+00 -2.64000E-01
1565.0  3.04166E+02  2.64314E+00  9.72950E+00 -2.36000E-01
1570.0  3.04185E+02  2.63674E+00  9.75100E+00 -2.08000E-01
1575.0  3.04205E+02  2.63041E+00  9.77250E+00 -1.80000E-01
1580.0  3.04225E+02  2.62414E+00  9.79400E+00 -1.52000E-01
1585.0  3.04244E+02  2.61793E+00  9.81550E+00 -1.24000E-01
1590.0  3.04264E+02  2.61178E+00  9.83700E+00 -9.60000E-02
1595.0  3.04283E+02  2.60569E+00  9.85850E+00 -6.80000E-02
1600.0  3.04302E+02  2.59966E+00  9.88000E+00 -4.00000E-02
