z(m) tlsf(K) qlsf(g/kg) ulsf(m/s) vlsf(m/s) wlsf(m/s) dtlsf(K/s) dqlsf(kg/kg/s) rlsf(K/s)
 44  nzlsf
 0.  day
  25.00  0.0  0.0   -5.25   -0.43  0.0  0.0  0.0  0.0
  75.00  0.0  0.0   -5.06   -0.44  0.0  0.0  0.0  0.0
 125.00  0.0  0.0   -4.89   -0.45  0.0  0.0  0.0  0.0
 175.00  0.0  0.0   -4.71   -0.46  0.0  0.0  0.0  0.0
 225.00  0.0  0.0   -4.54   -0.47  0.0  0.0  0.0  0.0
 275.00  0.0  0.0   -4.37   -0.47  0.0  0.0  0.0  0.0
 325.00  0.0  0.0   -4.21   -0.48  0.0  0.0  0.0  0.0
 375.00  0.0  0.0   -4.05   -0.48  0.0  0.0  0.0  0.0
 425.00  0.0  0.0   -3.89   -0.48  0.0  0.0  0.0  0.0
 475.00  0.0  0.0   -3.74   -0.49  0.0  0.0  0.0  0.0
 525.00  0.0  0.0   -3.59   -0.49  0.0  0.0  0.0  0.0
 575.00  0.0  0.0   -3.44   -0.49  0.0  0.0  0.0  0.0
 625.00  0.0  0.0   -3.30   -0.49  0.0  0.0  0.0  0.0
 675.00  0.0  0.0   -3.17   -0.49  0.0  0.0  0.0  0.0
 725.00  0.0  0.0   -3.03   -0.49  0.0  0.0  0.0  0.0
 775.00  0.0  0.0   -2.90   -0.49  0.0  0.0  0.0  0.0
 825.00  0.0  0.0   -2.77   -0.48  0.0  0.0  0.0  0.0
 875.00  0.0  0.0   -2.65   -0.48  0.0  0.0  0.0  0.0
 925.00  0.0  0.0   -2.53   -0.48  0.0  0.0  0.0  0.0
 975.00  0.0  0.0   -2.42   -0.47  0.0  0.0  0.0  0.0
1025.00  0.0  0.0   -2.30   -0.47  0.0  0.0  0.0  0.0
1075.00  0.0  0.0   -2.20   -0.46  0.0  0.0  0.0  0.0
1125.00  0.0  0.0   -2.09   -0.45  0.0  0.0  0.0  0.0
1175.00  0.0  0.0   -1.99   -0.45  0.0  0.0  0.0  0.0
1225.00  0.0  0.0   -1.89   -0.44  0.0  0.0  0.0  0.0
1275.00  0.0  0.0   -1.80   -0.43  0.0  0.0  0.0  0.0
1325.00  0.0  0.0   -1.71   -0.42  0.0  0.0  0.0  0.0
1375.00  0.0  0.0   -1.63   -0.41  0.0  0.0  0.0  0.0
1425.00  0.0  0.0   -1.54   -0.40  0.0  0.0  0.0  0.0
1475.00  0.0  0.0   -1.47   -0.38  0.0  0.0  0.0  0.0
1525.00  0.0  0.0   -1.39   -0.37  0.0  0.0  0.0  0.0
1575.00  0.0  0.0   -1.32   -0.36  0.0  0.0  0.0  0.0
1625.00  0.0  0.0   -1.25   -0.34  0.0  0.0  0.0  0.0
1675.00  0.0  0.0   -1.19   -0.33  0.0  0.0  0.0  0.0
1725.00  0.0  0.0   -1.13   -0.31  0.0  0.0  0.0  0.0
1775.00  0.0  0.0   -1.08   -0.29  0.0  0.0  0.0  0.0
1825.00  0.0  0.0   -1.02   -0.28  0.0  0.0  0.0  0.0
1875.00  0.0  0.0   -0.97   -0.26  0.0  0.0  0.0  0.0
1925.00  0.0  0.0   -0.93   -0.24  0.0  0.0  0.0  0.0
1975.00  0.0  0.0   -0.89   -0.22  0.0  0.0  0.0  0.0
3750.00  0.0  0.0    7.00    0.00  0.0  0.0  0.0  0.0
3875.00  0.0  0.0   15.00    0.00  0.0  0.0  0.0  0.0
5875.00  0.0  0.0   25.00    0.00  0.0  0.0  0.0  0.0
6775.00  0.0  0.0   30.00    0.00  0.0  0.0  0.0  0.0
0.0417  day
  25.00  0.0  0.0   -5.32    0.13  0.0  0.0  0.0  0.0
  75.00  0.0  0.0   -5.14    0.12  0.0  0.0  0.0  0.0
 125.00  0.0  0.0   -4.96    0.10  0.0  0.0  0.0  0.0
 175.00  0.0  0.0   -4.79    0.09  0.0  0.0  0.0  0.0
 225.00  0.0  0.0   -4.62    0.08  0.0  0.0  0.0  0.0
 275.00  0.0  0.0   -4.45    0.07  0.0  0.0  0.0  0.0
 325.00  0.0  0.0   -4.29    0.07  0.0  0.0  0.0  0.0
 375.00  0.0  0.0   -4.13    0.06  0.0  0.0  0.0  0.0
 425.00  0.0  0.0   -3.97    0.05  0.0  0.0  0.0  0.0
 475.00  0.0  0.0   -3.82    0.05  0.0  0.0  0.0  0.0
 525.00  0.0  0.0   -3.67    0.04  0.0  0.0  0.0  0.0
 575.00  0.0  0.0   -3.53    0.04  0.0  0.0  0.0  0.0
 625.00  0.0  0.0   -3.39    0.04  0.0  0.0  0.0  0.0
 675.00  0.0  0.0   -3.25    0.03  0.0  0.0  0.0  0.0
 725.00  0.0  0.0   -3.11    0.03  0.0  0.0  0.0  0.0
 775.00  0.0  0.0   -2.98    0.03  0.0  0.0  0.0  0.0
 825.00  0.0  0.0   -2.86    0.03  0.0  0.0  0.0  0.0
 875.00  0.0  0.0   -2.74    0.04  0.0  0.0  0.0  0.0
 925.00  0.0  0.0   -2.62    0.04  0.0  0.0  0.0  0.0
 975.00  0.0  0.0   -2.50    0.04  0.0  0.0  0.0  0.0
1025.00  0.0  0.0   -2.39    0.05  0.0  0.0  0.0  0.0
1075.00  0.0  0.0   -2.29    0.05  0.0  0.0  0.0  0.0
1125.00  0.0  0.0   -2.18    0.06  0.0  0.0  0.0  0.0
1175.00  0.0  0.0   -2.08    0.07  0.0  0.0  0.0  0.0
1225.00  0.0  0.0   -1.99    0.07  0.0  0.0  0.0  0.0
1275.00  0.0  0.0   -1.89    0.08  0.0  0.0  0.0  0.0
1325.00  0.0  0.0   -1.80    0.09  0.0  0.0  0.0  0.0
1375.00  0.0  0.0   -1.72    0.10  0.0  0.0  0.0  0.0
1425.00  0.0  0.0   -1.64    0.12  0.0  0.0  0.0  0.0
1475.00  0.0  0.0   -1.56    0.13  0.0  0.0  0.0  0.0
1525.00  0.0  0.0   -1.49    0.14  0.0  0.0  0.0  0.0
1575.00  0.0  0.0   -1.42    0.16  0.0  0.0  0.0  0.0
1625.00  0.0  0.0   -1.35    0.17  0.0  0.0  0.0  0.0
1675.00  0.0  0.0   -1.29    0.19  0.0  0.0  0.0  0.0
1725.00  0.0  0.0   -1.23    0.21  0.0  0.0  0.0  0.0
1775.00  0.0  0.0   -1.17    0.23  0.0  0.0  0.0  0.0
1825.00  0.0  0.0   -1.12    0.25  0.0  0.0  0.0  0.0
1875.00  0.0  0.0   -1.07    0.27  0.0  0.0  0.0  0.0
1925.00  0.0  0.0   -1.03    0.29  0.0  0.0  0.0  0.0
1975.00  0.0  0.0   -0.99    0.31  0.0  0.0  0.0  0.0
3750.00  0.0  0.0    7.00    0.00  0.0  0.0  0.0  0.0
3875.00  0.0  0.0   15.00    0.00  0.0  0.0  0.0  0.0
5875.00  0.0  0.0   25.00    0.00  0.0  0.0  0.0  0.0
6775.00  0.0  0.0   30.00    0.00  0.0  0.0  0.0  0.0
0.0833  day
  25.00  0.0  0.0   -5.39    0.69  0.0  0.0  0.0  0.0
  75.00  0.0  0.0   -5.21    0.68  0.0  0.0  0.0  0.0
 125.00  0.0  0.0   -5.04    0.66  0.0  0.0  0.0  0.0
 175.00  0.0  0.0   -4.86    0.65  0.0  0.0  0.0  0.0
 225.00  0.0  0.0   -4.69    0.63  0.0  0.0  0.0  0.0
 275.00  0.0  0.0   -4.53    0.62  0.0  0.0  0.0  0.0
 325.00  0.0  0.0   -4.36    0.61  0.0  0.0  0.0  0.0
 375.00  0.0  0.0   -4.21    0.60  0.0  0.0  0.0  0.0
 425.00  0.0  0.0   -4.05    0.59  0.0  0.0  0.0  0.0
 475.00  0.0  0.0   -3.90    0.58  0.0  0.0  0.0  0.0
 525.00  0.0  0.0   -3.75    0.57  0.0  0.0  0.0  0.0
 575.00  0.0  0.0   -3.61    0.57  0.0  0.0  0.0  0.0
 625.00  0.0  0.0   -3.47    0.56  0.0  0.0  0.0  0.0
 675.00  0.0  0.0   -3.33    0.56  0.0  0.0  0.0  0.0
 725.00  0.0  0.0   -3.20    0.55  0.0  0.0  0.0  0.0
 775.00  0.0  0.0   -3.07    0.55  0.0  0.0  0.0  0.0
 825.00  0.0  0.0   -2.94    0.55  0.0  0.0  0.0  0.0
 875.00  0.0  0.0   -2.82    0.55  0.0  0.0  0.0  0.0
 925.00  0.0  0.0   -2.70    0.55  0.0  0.0  0.0  0.0
 975.00  0.0  0.0   -2.59    0.56  0.0  0.0  0.0  0.0
1025.00  0.0  0.0   -2.48    0.56  0.0  0.0  0.0  0.0
1075.00  0.0  0.0   -2.37    0.57  0.0  0.0  0.0  0.0
1125.00  0.0  0.0   -2.27    0.57  0.0  0.0  0.0  0.0
1175.00  0.0  0.0   -2.17    0.58  0.0  0.0  0.0  0.0
1225.00  0.0  0.0   -2.08    0.59  0.0  0.0  0.0  0.0
1275.00  0.0  0.0   -1.98    0.60  0.0  0.0  0.0  0.0
1325.00  0.0  0.0   -1.90    0.61  0.0  0.0  0.0  0.0
1375.00  0.0  0.0   -1.81    0.62  0.0  0.0  0.0  0.0
1425.00  0.0  0.0   -1.73    0.63  0.0  0.0  0.0  0.0
1475.00  0.0  0.0   -1.65    0.64  0.0  0.0  0.0  0.0
1525.00  0.0  0.0   -1.58    0.66  0.0  0.0  0.0  0.0
1575.00  0.0  0.0   -1.51    0.67  0.0  0.0  0.0  0.0
1625.00  0.0  0.0   -1.45    0.69  0.0  0.0  0.0  0.0
1675.00  0.0  0.0   -1.38    0.71  0.0  0.0  0.0  0.0
1725.00  0.0  0.0   -1.33    0.73  0.0  0.0  0.0  0.0
1775.00  0.0  0.0   -1.27    0.75  0.0  0.0  0.0  0.0
1825.00  0.0  0.0   -1.22    0.77  0.0  0.0  0.0  0.0
1875.00  0.0  0.0   -1.17    0.79  0.0  0.0  0.0  0.0
1925.00  0.0  0.0   -1.13    0.81  0.0  0.0  0.0  0.0
1975.00  0.0  0.0   -1.09    0.84  0.0  0.0  0.0  0.0
3750.00  0.0  0.0    7.00    0.00  0.0  0.0  0.0  0.0
3875.00  0.0  0.0   15.00    0.00  0.0  0.0  0.0  0.0
5875.00  0.0  0.0   25.00    0.00  0.0  0.0  0.0  0.0
6775.00  0.0  0.0   30.00    0.00  0.0  0.0  0.0  0.0
0.1250  day
  25.00  0.0  0.0   -5.47    1.26  0.0  0.0  0.0  0.0
  75.00  0.0  0.0   -5.29    1.24  0.0  0.0  0.0  0.0
 125.00  0.0  0.0   -5.11    1.22  0.0  0.0  0.0  0.0
 175.00  0.0  0.0   -4.94    1.20  0.0  0.0  0.0  0.0
 225.00  0.0  0.0   -4.77    1.18  0.0  0.0  0.0  0.0
 275.00  0.0  0.0   -4.60    1.17  0.0  0.0  0.0  0.0
 325.00  0.0  0.0   -4.44    1.15  0.0  0.0  0.0  0.0
 375.00  0.0  0.0   -4.28    1.14  0.0  0.0  0.0  0.0
 425.00  0.0  0.0   -4.13    1.12  0.0  0.0  0.0  0.0
 475.00  0.0  0.0   -3.98    1.11  0.0  0.0  0.0  0.0
 525.00  0.0  0.0   -3.83    1.10  0.0  0.0  0.0  0.0
 575.00  0.0  0.0   -3.69    1.09  0.0  0.0  0.0  0.0
 625.00  0.0  0.0   -3.55    1.09  0.0  0.0  0.0  0.0
 675.00  0.0  0.0   -3.41    1.08  0.0  0.0  0.0  0.0
 725.00  0.0  0.0   -3.28    1.08  0.0  0.0  0.0  0.0
 775.00  0.0  0.0   -3.15    1.07  0.0  0.0  0.0  0.0
 825.00  0.0  0.0   -3.03    1.07  0.0  0.0  0.0  0.0
 875.00  0.0  0.0   -2.91    1.07  0.0  0.0  0.0  0.0
 925.00  0.0  0.0   -2.79    1.07  0.0  0.0  0.0  0.0
 975.00  0.0  0.0   -2.68    1.07  0.0  0.0  0.0  0.0
1025.00  0.0  0.0   -2.57    1.07  0.0  0.0  0.0  0.0
1075.00  0.0  0.0   -2.46    1.08  0.0  0.0  0.0  0.0
1125.00  0.0  0.0   -2.36    1.08  0.0  0.0  0.0  0.0
1175.00  0.0  0.0   -2.26    1.09  0.0  0.0  0.0  0.0
1225.00  0.0  0.0   -2.17    1.10  0.0  0.0  0.0  0.0
1275.00  0.0  0.0   -2.08    1.11  0.0  0.0  0.0  0.0
1325.00  0.0  0.0   -1.99    1.12  0.0  0.0  0.0  0.0
1375.00  0.0  0.0   -1.91    1.13  0.0  0.0  0.0  0.0
1425.00  0.0  0.0   -1.83    1.14  0.0  0.0  0.0  0.0
1475.00  0.0  0.0   -1.75    1.16  0.0  0.0  0.0  0.0
1525.00  0.0  0.0   -1.68    1.17  0.0  0.0  0.0  0.0
1575.00  0.0  0.0   -1.61    1.19  0.0  0.0  0.0  0.0
1625.00  0.0  0.0   -1.54    1.21  0.0  0.0  0.0  0.0
1675.00  0.0  0.0   -1.48    1.22  0.0  0.0  0.0  0.0
1725.00  0.0  0.0   -1.42    1.25  0.0  0.0  0.0  0.0
1775.00  0.0  0.0   -1.37    1.27  0.0  0.0  0.0  0.0
1825.00  0.0  0.0   -1.32    1.29  0.0  0.0  0.0  0.0
1875.00  0.0  0.0   -1.27    1.31  0.0  0.0  0.0  0.0
1925.00  0.0  0.0   -1.23    1.34  0.0  0.0  0.0  0.0
1975.00  0.0  0.0   -1.19    1.37  0.0  0.0  0.0  0.0
3750.00  0.0  0.0    7.00    0.00  0.0  0.0  0.0  0.0
3875.00  0.0  0.0   15.00    0.00  0.0  0.0  0.0  0.0
5875.00  0.0  0.0   25.00    0.00  0.0  0.0  0.0  0.0
6775.00  0.0  0.0   30.00    0.00  0.0  0.0  0.0  0.0
0.1667  day
  25.00  0.0  0.0   -5.68    1.16  0.0  0.0  0.0  0.0
  75.00  0.0  0.0   -5.50    1.13  0.0  0.0  0.0  0.0
 125.00  0.0  0.0   -5.33    1.11  0.0  0.0  0.0  0.0
 175.00  0.0  0.0   -5.15    1.09  0.0  0.0  0.0  0.0
 225.00  0.0  0.0   -4.99    1.07  0.0  0.0  0.0  0.0
 275.00  0.0  0.0   -4.82    1.05  0.0  0.0  0.0  0.0
 325.00  0.0  0.0   -4.66    1.03  0.0  0.0  0.0  0.0
 375.00  0.0  0.0   -4.50    1.01  0.0  0.0  0.0  0.0
 425.00  0.0  0.0   -4.35    1.00  0.0  0.0  0.0  0.0
 475.00  0.0  0.0   -4.20    0.98  0.0  0.0  0.0  0.0
 525.00  0.0  0.0   -4.05    0.97  0.0  0.0  0.0  0.0
 575.00  0.0  0.0   -3.91    0.96  0.0  0.0  0.0  0.0
 625.00  0.0  0.0   -3.77    0.95  0.0  0.0  0.0  0.0
 675.00  0.0  0.0   -3.64    0.94  0.0  0.0  0.0  0.0
 725.00  0.0  0.0   -3.51    0.93  0.0  0.0  0.0  0.0
 775.00  0.0  0.0   -3.38    0.93  0.0  0.0  0.0  0.0
 825.00  0.0  0.0   -3.25    0.93  0.0  0.0  0.0  0.0
 875.00  0.0  0.0   -3.13    0.92  0.0  0.0  0.0  0.0
 925.00  0.0  0.0   -3.02    0.92  0.0  0.0  0.0  0.0
 975.00  0.0  0.0   -2.90    0.92  0.0  0.0  0.0  0.0
1025.00  0.0  0.0   -2.80    0.92  0.0  0.0  0.0  0.0
1075.00  0.0  0.0   -2.69    0.93  0.0  0.0  0.0  0.0
1125.00  0.0  0.0   -2.59    0.93  0.0  0.0  0.0  0.0
1175.00  0.0  0.0   -2.49    0.94  0.0  0.0  0.0  0.0
1225.00  0.0  0.0   -2.40    0.95  0.0  0.0  0.0  0.0
1275.00  0.0  0.0   -2.31    0.96  0.0  0.0  0.0  0.0
1325.00  0.0  0.0   -2.22    0.97  0.0  0.0  0.0  0.0
1375.00  0.0  0.0   -2.14    0.98  0.0  0.0  0.0  0.0
1425.00  0.0  0.0   -2.06    0.99  0.0  0.0  0.0  0.0
1475.00  0.0  0.0   -1.98    1.01  0.0  0.0  0.0  0.0
1525.00  0.0  0.0   -1.91    1.02  0.0  0.0  0.0  0.0
1575.00  0.0  0.0   -1.84    1.04  0.0  0.0  0.0  0.0
1625.00  0.0  0.0   -1.78    1.06  0.0  0.0  0.0  0.0
1675.00  0.0  0.0   -1.72    1.08  0.0  0.0  0.0  0.0
1725.00  0.0  0.0   -1.66    1.10  0.0  0.0  0.0  0.0
1775.00  0.0  0.0   -1.61    1.12  0.0  0.0  0.0  0.0
1825.00  0.0  0.0   -1.56    1.15  0.0  0.0  0.0  0.0
1875.00  0.0  0.0   -1.51    1.17  0.0  0.0  0.0  0.0
1925.00  0.0  0.0   -1.47    1.20  0.0  0.0  0.0  0.0
1975.00  0.0  0.0   -1.43    1.23  0.0  0.0  0.0  0.0
3750.00  0.0  0.0    7.00    0.00  0.0  0.0  0.0  0.0
3875.00  0.0  0.0   15.00    0.00  0.0  0.0  0.0  0.0
5875.00  0.0  0.0   25.00    0.00  0.0  0.0  0.0  0.0
6775.00  0.0  0.0   30.00    0.00  0.0  0.0  0.0  0.0
0.2083  day
  25.00  0.0  0.0   -5.90    1.06  0.0  0.0  0.0  0.0
  75.00  0.0  0.0   -5.72    1.03  0.0  0.0  0.0  0.0
 125.00  0.0  0.0   -5.54    1.00  0.0  0.0  0.0  0.0
 175.00  0.0  0.0   -5.37    0.98  0.0  0.0  0.0  0.0
 225.00  0.0  0.0   -5.20    0.95  0.0  0.0  0.0  0.0
 275.00  0.0  0.0   -5.04    0.93  0.0  0.0  0.0  0.0
 325.00  0.0  0.0   -4.88    0.91  0.0  0.0  0.0  0.0
 375.00  0.0  0.0   -4.72    0.89  0.0  0.0  0.0  0.0
 425.00  0.0  0.0   -4.57    0.87  0.0  0.0  0.0  0.0
 475.00  0.0  0.0   -4.42    0.85  0.0  0.0  0.0  0.0
 525.00  0.0  0.0   -4.27    0.84  0.0  0.0  0.0  0.0
 575.00  0.0  0.0   -4.13    0.82  0.0  0.0  0.0  0.0
 625.00  0.0  0.0   -3.99    0.81  0.0  0.0  0.0  0.0
 675.00  0.0  0.0   -3.86    0.80  0.0  0.0  0.0  0.0
 725.00  0.0  0.0   -3.73    0.79  0.0  0.0  0.0  0.0
 775.00  0.0  0.0   -3.60    0.79  0.0  0.0  0.0  0.0
 825.00  0.0  0.0   -3.48    0.78  0.0  0.0  0.0  0.0
 875.00  0.0  0.0   -3.36    0.78  0.0  0.0  0.0  0.0
 925.00  0.0  0.0   -3.24    0.77  0.0  0.0  0.0  0.0
 975.00  0.0  0.0   -3.13    0.77  0.0  0.0  0.0  0.0
1025.00  0.0  0.0   -3.02    0.77  0.0  0.0  0.0  0.0
1075.00  0.0  0.0   -2.92    0.78  0.0  0.0  0.0  0.0
1125.00  0.0  0.0   -2.82    0.78  0.0  0.0  0.0  0.0
1175.00  0.0  0.0   -2.72    0.79  0.0  0.0  0.0  0.0
1225.00  0.0  0.0   -2.63    0.79  0.0  0.0  0.0  0.0
1275.00  0.0  0.0   -2.54    0.80  0.0  0.0  0.0  0.0
1325.00  0.0  0.0   -2.45    0.81  0.0  0.0  0.0  0.0
1375.00  0.0  0.0   -2.37    0.83  0.0  0.0  0.0  0.0
1425.00  0.0  0.0   -2.29    0.84  0.0  0.0  0.0  0.0
1475.00  0.0  0.0   -2.22    0.86  0.0  0.0  0.0  0.0
1525.00  0.0  0.0   -2.15    0.87  0.0  0.0  0.0  0.0
1575.00  0.0  0.0   -2.08    0.89  0.0  0.0  0.0  0.0
1625.00  0.0  0.0   -2.02    0.91  0.0  0.0  0.0  0.0
1675.00  0.0  0.0   -1.96    0.93  0.0  0.0  0.0  0.0
1725.00  0.0  0.0   -1.90    0.96  0.0  0.0  0.0  0.0
1775.00  0.0  0.0   -1.85    0.98  0.0  0.0  0.0  0.0
1825.00  0.0  0.0   -1.80    1.01  0.0  0.0  0.0  0.0
1875.00  0.0  0.0   -1.75    1.04  0.0  0.0  0.0  0.0
1925.00  0.0  0.0   -1.71    1.07  0.0  0.0  0.0  0.0
1975.00  0.0  0.0   -1.68    1.10  0.0  0.0  0.0  0.0
3750.00  0.0  0.0    7.00    0.00  0.0  0.0  0.0  0.0
3875.00  0.0  0.0   15.00    0.00  0.0  0.0  0.0  0.0
5875.00  0.0  0.0   25.00    0.00  0.0  0.0  0.0  0.0
6775.00  0.0  0.0   30.00    0.00  0.0  0.0  0.0  0.0
0.2500  day
  25.00  0.0  0.0   -6.11    0.96  0.0  0.0  0.0  0.0
  75.00  0.0  0.0   -5.93    0.93  0.0  0.0  0.0  0.0
 125.00  0.0  0.0   -5.76    0.90  0.0  0.0  0.0  0.0
 175.00  0.0  0.0   -5.59    0.87  0.0  0.0  0.0  0.0
 225.00  0.0  0.0   -5.42    0.84  0.0  0.0  0.0  0.0
 275.00  0.0  0.0   -5.26    0.81  0.0  0.0  0.0  0.0
 325.00  0.0  0.0   -5.10    0.79  0.0  0.0  0.0  0.0
 375.00  0.0  0.0   -4.94    0.76  0.0  0.0  0.0  0.0
 425.00  0.0  0.0   -4.79    0.74  0.0  0.0  0.0  0.0
 475.00  0.0  0.0   -4.64    0.72  0.0  0.0  0.0  0.0
 525.00  0.0  0.0   -4.49    0.71  0.0  0.0  0.0  0.0
 575.00  0.0  0.0   -4.35    0.69  0.0  0.0  0.0  0.0
 625.00  0.0  0.0   -4.22    0.67  0.0  0.0  0.0  0.0
 675.00  0.0  0.0   -4.08    0.66  0.0  0.0  0.0  0.0
 725.00  0.0  0.0   -3.95    0.65  0.0  0.0  0.0  0.0
 775.00  0.0  0.0   -3.83    0.64  0.0  0.0  0.0  0.0
 825.00  0.0  0.0   -3.70    0.64  0.0  0.0  0.0  0.0
 875.00  0.0  0.0   -3.59    0.63  0.0  0.0  0.0  0.0
 925.00  0.0  0.0   -3.47    0.63  0.0  0.0  0.0  0.0
 975.00  0.0  0.0   -3.36    0.63  0.0  0.0  0.0  0.0
1025.00  0.0  0.0   -3.25    0.63  0.0  0.0  0.0  0.0
1075.00  0.0  0.0   -3.15    0.63  0.0  0.0  0.0  0.0
1125.00  0.0  0.0   -3.05    0.63  0.0  0.0  0.0  0.0
1175.00  0.0  0.0   -2.95    0.64  0.0  0.0  0.0  0.0
1225.00  0.0  0.0   -2.86    0.64  0.0  0.0  0.0  0.0
1275.00  0.0  0.0   -2.77    0.65  0.0  0.0  0.0  0.0
1325.00  0.0  0.0   -2.68    0.66  0.0  0.0  0.0  0.0
1375.00  0.0  0.0   -2.60    0.67  0.0  0.0  0.0  0.0
1425.00  0.0  0.0   -2.53    0.69  0.0  0.0  0.0  0.0
1475.00  0.0  0.0   -2.45    0.71  0.0  0.0  0.0  0.0
1525.00  0.0  0.0   -2.38    0.72  0.0  0.0  0.0  0.0
1575.00  0.0  0.0   -2.32    0.74  0.0  0.0  0.0  0.0
1625.00  0.0  0.0   -2.25    0.76  0.0  0.0  0.0  0.0
1675.00  0.0  0.0   -2.19    0.79  0.0  0.0  0.0  0.0
1725.00  0.0  0.0   -2.14    0.81  0.0  0.0  0.0  0.0
1775.00  0.0  0.0   -2.09    0.84  0.0  0.0  0.0  0.0
1825.00  0.0  0.0   -2.04    0.87  0.0  0.0  0.0  0.0
1875.00  0.0  0.0   -1.99    0.90  0.0  0.0  0.0  0.0
1925.00  0.0  0.0   -1.95    0.93  0.0  0.0  0.0  0.0
1975.00  0.0  0.0   -1.92    0.96  0.0  0.0  0.0  0.0
3750.00  0.0  0.0    7.00    0.00  0.0  0.0  0.0  0.0
3875.00  0.0  0.0   15.00    0.00  0.0  0.0  0.0  0.0
5875.00  0.0  0.0   25.00    0.00  0.0  0.0  0.0  0.0
6775.00  0.0  0.0   30.00    0.00  0.0  0.0  0.0  0.0
0.2917  day
  25.00  0.0  0.0   -6.18    0.39  0.0  0.0  0.0  0.0
  75.00  0.0  0.0   -6.01    0.36  0.0  0.0  0.0  0.0
 125.00  0.0  0.0   -5.83    0.32  0.0  0.0  0.0  0.0
 175.00  0.0  0.0   -5.66    0.29  0.0  0.0  0.0  0.0
 225.00  0.0  0.0   -5.50    0.25  0.0  0.0  0.0  0.0
 275.00  0.0  0.0   -5.33    0.22  0.0  0.0  0.0  0.0
 325.00  0.0  0.0   -5.17    0.20  0.0  0.0  0.0  0.0
 375.00  0.0  0.0   -5.02    0.17  0.0  0.0  0.0  0.0
 425.00  0.0  0.0   -4.87    0.15  0.0  0.0  0.0  0.0
 475.00  0.0  0.0   -4.72    0.12  0.0  0.0  0.0  0.0
 525.00  0.0  0.0   -4.58    0.10  0.0  0.0  0.0  0.0
 575.00  0.0  0.0   -4.43    0.08  0.0  0.0  0.0  0.0
 625.00  0.0  0.0   -4.30    0.07  0.0  0.0  0.0  0.0
 675.00  0.0  0.0   -4.17    0.05  0.0  0.0  0.0  0.0
 725.00  0.0  0.0   -4.04    0.04  0.0  0.0  0.0  0.0
 775.00  0.0  0.0   -3.91    0.03  0.0  0.0  0.0  0.0
 825.00  0.0  0.0   -3.79    0.02  0.0  0.0  0.0  0.0
 875.00  0.0  0.0   -3.67    0.01  0.0  0.0  0.0  0.0
 925.00  0.0  0.0   -3.56    0.01  0.0  0.0  0.0  0.0
 975.00  0.0  0.0   -3.45    0.01  0.0  0.0  0.0  0.0
1025.00  0.0  0.0   -3.34    0.01  0.0  0.0  0.0  0.0
1075.00  0.0  0.0   -3.24    0.01  0.0  0.0  0.0  0.0
1125.00  0.0  0.0   -3.14    0.01  0.0  0.0  0.0  0.0
1175.00  0.0  0.0   -3.04    0.01  0.0  0.0  0.0  0.0
1225.00  0.0  0.0   -2.95    0.02  0.0  0.0  0.0  0.0
1275.00  0.0  0.0   -2.86    0.03  0.0  0.0  0.0  0.0
1325.00  0.0  0.0   -2.78    0.04  0.0  0.0  0.0  0.0
1375.00  0.0  0.0   -2.70    0.05  0.0  0.0  0.0  0.0
1425.00  0.0  0.0   -2.62    0.07  0.0  0.0  0.0  0.0
1475.00  0.0  0.0   -2.55    0.08  0.0  0.0  0.0  0.0
1525.00  0.0  0.0   -2.48    0.10  0.0  0.0  0.0  0.0
1575.00  0.0  0.0   -2.41    0.12  0.0  0.0  0.0  0.0
1625.00  0.0  0.0   -2.35    0.15  0.0  0.0  0.0  0.0
1675.00  0.0  0.0   -2.29    0.17  0.0  0.0  0.0  0.0
1725.00  0.0  0.0   -2.24    0.20  0.0  0.0  0.0  0.0
1775.00  0.0  0.0   -2.18    0.23  0.0  0.0  0.0  0.0
1825.00  0.0  0.0   -2.14    0.26  0.0  0.0  0.0  0.0
1875.00  0.0  0.0   -2.09    0.29  0.0  0.0  0.0  0.0
1925.00  0.0  0.0   -2.05    0.32  0.0  0.0  0.0  0.0
1975.00  0.0  0.0   -2.02    0.36  0.0  0.0  0.0  0.0
3750.00  0.0  0.0    7.00    0.00  0.0  0.0  0.0  0.0
3875.00  0.0  0.0   15.00    0.00  0.0  0.0  0.0  0.0
5875.00  0.0  0.0   25.00    0.00  0.0  0.0  0.0  0.0
6775.00  0.0  0.0   30.00    0.00  0.0  0.0  0.0  0.0
0.3333  day
  25.00  0.0  0.0   -6.26   -0.18  0.0  0.0  0.0  0.0
  75.00  0.0  0.0   -6.08   -0.22  0.0  0.0  0.0  0.0
 125.00  0.0  0.0   -5.91   -0.26  0.0  0.0  0.0  0.0
 175.00  0.0  0.0   -5.74   -0.29  0.0  0.0  0.0  0.0
 225.00  0.0  0.0   -5.57   -0.33  0.0  0.0  0.0  0.0
 275.00  0.0  0.0   -5.41   -0.36  0.0  0.0  0.0  0.0
 325.00  0.0  0.0   -5.25   -0.40  0.0  0.0  0.0  0.0
 375.00  0.0  0.0   -5.10   -0.43  0.0  0.0  0.0  0.0
 425.00  0.0  0.0   -4.95   -0.45  0.0  0.0  0.0  0.0
 475.00  0.0  0.0   -4.80   -0.48  0.0  0.0  0.0  0.0
 525.00  0.0  0.0   -4.66   -0.50  0.0  0.0  0.0  0.0
 575.00  0.0  0.0   -4.52   -0.52  0.0  0.0  0.0  0.0
 625.00  0.0  0.0   -4.38   -0.54  0.0  0.0  0.0  0.0
 675.00  0.0  0.0   -4.25   -0.56  0.0  0.0  0.0  0.0
 725.00  0.0  0.0   -4.12   -0.57  0.0  0.0  0.0  0.0
 775.00  0.0  0.0   -4.00   -0.58  0.0  0.0  0.0  0.0
 825.00  0.0  0.0   -3.87   -0.59  0.0  0.0  0.0  0.0
 875.00  0.0  0.0   -3.76   -0.60  0.0  0.0  0.0  0.0
 925.00  0.0  0.0   -3.64   -0.61  0.0  0.0  0.0  0.0
 975.00  0.0  0.0   -3.53   -0.61  0.0  0.0  0.0  0.0
1025.00  0.0  0.0   -3.43   -0.61  0.0  0.0  0.0  0.0
1075.00  0.0  0.0   -3.33   -0.61  0.0  0.0  0.0  0.0
1125.00  0.0  0.0   -3.23   -0.61  0.0  0.0  0.0  0.0
1175.00  0.0  0.0   -3.13   -0.61  0.0  0.0  0.0  0.0
1225.00  0.0  0.0   -3.04   -0.60  0.0  0.0  0.0  0.0
1275.00  0.0  0.0   -2.95   -0.59  0.0  0.0  0.0  0.0
1325.00  0.0  0.0   -2.87   -0.58  0.0  0.0  0.0  0.0
1375.00  0.0  0.0   -2.79   -0.57  0.0  0.0  0.0  0.0
1425.00  0.0  0.0   -2.71   -0.55  0.0  0.0  0.0  0.0
1475.00  0.0  0.0   -2.64   -0.54  0.0  0.0  0.0  0.0
1525.00  0.0  0.0   -2.57   -0.52  0.0  0.0  0.0  0.0
1575.00  0.0  0.0   -2.51   -0.49  0.0  0.0  0.0  0.0
1625.00  0.0  0.0   -2.44   -0.47  0.0  0.0  0.0  0.0
1675.00  0.0  0.0   -2.39   -0.45  0.0  0.0  0.0  0.0
1725.00  0.0  0.0   -2.33   -0.42  0.0  0.0  0.0  0.0
1775.00  0.0  0.0   -2.28   -0.39  0.0  0.0  0.0  0.0
1825.00  0.0  0.0   -2.24   -0.36  0.0  0.0  0.0  0.0
1875.00  0.0  0.0   -2.19   -0.32  0.0  0.0  0.0  0.0
1925.00  0.0  0.0   -2.15   -0.29  0.0  0.0  0.0  0.0
1975.00  0.0  0.0   -2.12   -0.25  0.0  0.0  0.0  0.0
3750.00  0.0  0.0    7.00    0.00  0.0  0.0  0.0  0.0
3875.00  0.0  0.0   15.00    0.00  0.0  0.0  0.0  0.0
5875.00  0.0  0.0   25.00    0.00  0.0  0.0  0.0  0.0
6775.00  0.0  0.0   30.00    0.00  0.0  0.0  0.0  0.0
0.3750  day
  25.00  0.0  0.0   -6.33   -0.74  0.0  0.0  0.0  0.0
  75.00  0.0  0.0   -6.15   -0.79  0.0  0.0  0.0  0.0
 125.00  0.0  0.0   -5.98   -0.83  0.0  0.0  0.0  0.0
 175.00  0.0  0.0   -5.81   -0.88  0.0  0.0  0.0  0.0
 225.00  0.0  0.0   -5.65   -0.92  0.0  0.0  0.0  0.0
 275.00  0.0  0.0   -5.49   -0.95  0.0  0.0  0.0  0.0
 325.00  0.0  0.0   -5.33   -0.99  0.0  0.0  0.0  0.0
 375.00  0.0  0.0   -5.18   -1.02  0.0  0.0  0.0  0.0
 425.00  0.0  0.0   -5.03   -1.05  0.0  0.0  0.0  0.0
 475.00  0.0  0.0   -4.88   -1.08  0.0  0.0  0.0  0.0
 525.00  0.0  0.0   -4.74   -1.10  0.0  0.0  0.0  0.0
 575.00  0.0  0.0   -4.60   -1.13  0.0  0.0  0.0  0.0
 625.00  0.0  0.0   -4.46   -1.15  0.0  0.0  0.0  0.0
 675.00  0.0  0.0   -4.33   -1.17  0.0  0.0  0.0  0.0
 725.00  0.0  0.0   -4.20   -1.18  0.0  0.0  0.0  0.0
 775.00  0.0  0.0   -4.08   -1.20  0.0  0.0  0.0  0.0
 825.00  0.0  0.0   -3.96   -1.21  0.0  0.0  0.0  0.0
 875.00  0.0  0.0   -3.84   -1.22  0.0  0.0  0.0  0.0
 925.00  0.0  0.0   -3.73   -1.23  0.0  0.0  0.0  0.0
 975.00  0.0  0.0   -3.62   -1.23  0.0  0.0  0.0  0.0
1025.00  0.0  0.0   -3.52   -1.23  0.0  0.0  0.0  0.0
1075.00  0.0  0.0   -3.41   -1.23  0.0  0.0  0.0  0.0
1125.00  0.0  0.0   -3.32   -1.23  0.0  0.0  0.0  0.0
1175.00  0.0  0.0   -3.22   -1.23  0.0  0.0  0.0  0.0
1225.00  0.0  0.0   -3.13   -1.22  0.0  0.0  0.0  0.0
1275.00  0.0  0.0   -3.04   -1.21  0.0  0.0  0.0  0.0
1325.00  0.0  0.0   -2.96   -1.20  0.0  0.0  0.0  0.0
1375.00  0.0  0.0   -2.88   -1.19  0.0  0.0  0.0  0.0
1425.00  0.0  0.0   -2.81   -1.17  0.0  0.0  0.0  0.0
1475.00  0.0  0.0   -2.73   -1.16  0.0  0.0  0.0  0.0
1525.00  0.0  0.0   -2.67   -1.14  0.0  0.0  0.0  0.0
1575.00  0.0  0.0   -2.60   -1.11  0.0  0.0  0.0  0.0
1625.00  0.0  0.0   -2.54   -1.09  0.0  0.0  0.0  0.0
1675.00  0.0  0.0   -2.48   -1.06  0.0  0.0  0.0  0.0
1725.00  0.0  0.0   -2.43   -1.03  0.0  0.0  0.0  0.0
1775.00  0.0  0.0   -2.38   -1.00  0.0  0.0  0.0  0.0
1825.00  0.0  0.0   -2.34   -0.97  0.0  0.0  0.0  0.0
1875.00  0.0  0.0   -2.29   -0.93  0.0  0.0  0.0  0.0
1925.00  0.0  0.0   -2.26   -0.89  0.0  0.0  0.0  0.0
1975.00  0.0  0.0   -2.22   -0.85  0.0  0.0  0.0  0.0
3750.00  0.0  0.0    7.00    0.00  0.0  0.0  0.0  0.0
3875.00  0.0  0.0   15.00    0.00  0.0  0.0  0.0  0.0
5875.00  0.0  0.0   25.00    0.00  0.0  0.0  0.0  0.0
6775.00  0.0  0.0   30.00    0.00  0.0  0.0  0.0  0.0
0.4167  day
  25.00  0.0  0.0   -6.19   -1.15  0.0  0.0  0.0  0.0
  75.00  0.0  0.0   -6.01   -1.20  0.0  0.0  0.0  0.0
 125.00  0.0  0.0   -5.84   -1.25  0.0  0.0  0.0  0.0
 175.00  0.0  0.0   -5.67   -1.29  0.0  0.0  0.0  0.0
 225.00  0.0  0.0   -5.51   -1.34  0.0  0.0  0.0  0.0
 275.00  0.0  0.0   -5.35   -1.38  0.0  0.0  0.0  0.0
 325.00  0.0  0.0   -5.19   -1.41  0.0  0.0  0.0  0.0
 375.00  0.0  0.0   -5.04   -1.45  0.0  0.0  0.0  0.0
 425.00  0.0  0.0   -4.89   -1.48  0.0  0.0  0.0  0.0
 475.00  0.0  0.0   -4.74   -1.51  0.0  0.0  0.0  0.0
 525.00  0.0  0.0   -4.60   -1.54  0.0  0.0  0.0  0.0
 575.00  0.0  0.0   -4.46   -1.57  0.0  0.0  0.0  0.0
 625.00  0.0  0.0   -4.33   -1.59  0.0  0.0  0.0  0.0
 675.00  0.0  0.0   -4.20   -1.61  0.0  0.0  0.0  0.0
 725.00  0.0  0.0   -4.07   -1.63  0.0  0.0  0.0  0.0
 775.00  0.0  0.0   -3.95   -1.65  0.0  0.0  0.0  0.0
 825.00  0.0  0.0   -3.83   -1.66  0.0  0.0  0.0  0.0
 875.00  0.0  0.0   -3.71   -1.67  0.0  0.0  0.0  0.0
 925.00  0.0  0.0   -3.60   -1.68  0.0  0.0  0.0  0.0
 975.00  0.0  0.0   -3.49   -1.69  0.0  0.0  0.0  0.0
1025.00  0.0  0.0   -3.39   -1.69  0.0  0.0  0.0  0.0
1075.00  0.0  0.0   -3.29   -1.69  0.0  0.0  0.0  0.0
1125.00  0.0  0.0   -3.19   -1.69  0.0  0.0  0.0  0.0
1175.00  0.0  0.0   -3.09   -1.69  0.0  0.0  0.0  0.0
1225.00  0.0  0.0   -3.01   -1.68  0.0  0.0  0.0  0.0
1275.00  0.0  0.0   -2.92   -1.67  0.0  0.0  0.0  0.0
1325.00  0.0  0.0   -2.84   -1.66  0.0  0.0  0.0  0.0
1375.00  0.0  0.0   -2.76   -1.65  0.0  0.0  0.0  0.0
1425.00  0.0  0.0   -2.68   -1.63  0.0  0.0  0.0  0.0
1475.00  0.0  0.0   -2.61   -1.61  0.0  0.0  0.0  0.0
1525.00  0.0  0.0   -2.54   -1.59  0.0  0.0  0.0  0.0
1575.00  0.0  0.0   -2.48   -1.57  0.0  0.0  0.0  0.0
1625.00  0.0  0.0   -2.42   -1.54  0.0  0.0  0.0  0.0
1675.00  0.0  0.0   -2.36   -1.51  0.0  0.0  0.0  0.0
1725.00  0.0  0.0   -2.31   -1.48  0.0  0.0  0.0  0.0
1775.00  0.0  0.0   -2.26   -1.45  0.0  0.0  0.0  0.0
1825.00  0.0  0.0   -2.22   -1.41  0.0  0.0  0.0  0.0
1875.00  0.0  0.0   -2.18   -1.38  0.0  0.0  0.0  0.0
1925.00  0.0  0.0   -2.14   -1.34  0.0  0.0  0.0  0.0
1975.00  0.0  0.0   -2.11   -1.29  0.0  0.0  0.0  0.0
3750.00  0.0  0.0    7.00    0.00  0.0  0.0  0.0  0.0
3875.00  0.0  0.0   15.00    0.00  0.0  0.0  0.0  0.0
5875.00  0.0  0.0   25.00    0.00  0.0  0.0  0.0  0.0
6775.00  0.0  0.0   30.00    0.00  0.0  0.0  0.0  0.0
0.4583  day
  25.00  0.0  0.0   -6.04   -1.55  0.0  0.0  0.0  0.0
  75.00  0.0  0.0   -5.87   -1.61  0.0  0.0  0.0  0.0
 125.00  0.0  0.0   -5.70   -1.66  0.0  0.0  0.0  0.0
 175.00  0.0  0.0   -5.53   -1.71  0.0  0.0  0.0  0.0
 225.00  0.0  0.0   -5.37   -1.76  0.0  0.0  0.0  0.0
 275.00  0.0  0.0   -5.21   -1.80  0.0  0.0  0.0  0.0
 325.00  0.0  0.0   -5.05   -1.84  0.0  0.0  0.0  0.0
 375.00  0.0  0.0   -4.90   -1.88  0.0  0.0  0.0  0.0
 425.00  0.0  0.0   -4.75   -1.92  0.0  0.0  0.0  0.0
 475.00  0.0  0.0   -4.61   -1.95  0.0  0.0  0.0  0.0
 525.00  0.0  0.0   -4.46   -1.98  0.0  0.0  0.0  0.0
 575.00  0.0  0.0   -4.33   -2.01  0.0  0.0  0.0  0.0
 625.00  0.0  0.0   -4.19   -2.04  0.0  0.0  0.0  0.0
 675.00  0.0  0.0   -4.06   -2.06  0.0  0.0  0.0  0.0
 725.00  0.0  0.0   -3.94   -2.08  0.0  0.0  0.0  0.0
 775.00  0.0  0.0   -3.81   -2.10  0.0  0.0  0.0  0.0
 825.00  0.0  0.0   -3.70   -2.11  0.0  0.0  0.0  0.0
 875.00  0.0  0.0   -3.58   -2.12  0.0  0.0  0.0  0.0
 925.00  0.0  0.0   -3.47   -2.13  0.0  0.0  0.0  0.0
 975.00  0.0  0.0   -3.36   -2.14  0.0  0.0  0.0  0.0
1025.00  0.0  0.0   -3.26   -2.15  0.0  0.0  0.0  0.0
1075.00  0.0  0.0   -3.16   -2.15  0.0  0.0  0.0  0.0
1125.00  0.0  0.0   -3.06   -2.15  0.0  0.0  0.0  0.0
1175.00  0.0  0.0   -2.97   -2.14  0.0  0.0  0.0  0.0
1225.00  0.0  0.0   -2.88   -2.14  0.0  0.0  0.0  0.0
1275.00  0.0  0.0   -2.79   -2.13  0.0  0.0  0.0  0.0
1325.00  0.0  0.0   -2.71   -2.12  0.0  0.0  0.0  0.0
1375.00  0.0  0.0   -2.63   -2.10  0.0  0.0  0.0  0.0
1425.00  0.0  0.0   -2.56   -2.09  0.0  0.0  0.0  0.0
1475.00  0.0  0.0   -2.49   -2.07  0.0  0.0  0.0  0.0
1525.00  0.0  0.0   -2.42   -2.05  0.0  0.0  0.0  0.0
1575.00  0.0  0.0   -2.36   -2.02  0.0  0.0  0.0  0.0
1625.00  0.0  0.0   -2.30   -2.00  0.0  0.0  0.0  0.0
1675.00  0.0  0.0   -2.25   -1.97  0.0  0.0  0.0  0.0
1725.00  0.0  0.0   -2.19   -1.93  0.0  0.0  0.0  0.0
1775.00  0.0  0.0   -2.15   -1.90  0.0  0.0  0.0  0.0
1825.00  0.0  0.0   -2.10   -1.86  0.0  0.0  0.0  0.0
1875.00  0.0  0.0   -2.06   -1.82  0.0  0.0  0.0  0.0
1925.00  0.0  0.0   -2.02   -1.78  0.0  0.0  0.0  0.0
1975.00  0.0  0.0   -1.99   -1.73  0.0  0.0  0.0  0.0
3750.00  0.0  0.0    7.00    0.00  0.0  0.0  0.0  0.0
3875.00  0.0  0.0   15.00    0.00  0.0  0.0  0.0  0.0
5875.00  0.0  0.0   25.00    0.00  0.0  0.0  0.0  0.0
6775.00  0.0  0.0   30.00    0.00  0.0  0.0  0.0  0.0
0.5000  day
  25.00  0.0  0.0   -5.90   -1.96  0.0  0.0  0.0  0.0
  75.00  0.0  0.0   -5.73   -2.02  0.0  0.0  0.0  0.0
 125.00  0.0  0.0   -5.56   -2.08  0.0  0.0  0.0  0.0
 175.00  0.0  0.0   -5.39   -2.13  0.0  0.0  0.0  0.0
 225.00  0.0  0.0   -5.23   -2.18  0.0  0.0  0.0  0.0
 275.00  0.0  0.0   -5.07   -2.23  0.0  0.0  0.0  0.0
 325.00  0.0  0.0   -4.91   -2.27  0.0  0.0  0.0  0.0
 375.00  0.0  0.0   -4.76   -2.31  0.0  0.0  0.0  0.0
 425.00  0.0  0.0   -4.61   -2.35  0.0  0.0  0.0  0.0
 475.00  0.0  0.0   -4.47   -2.39  0.0  0.0  0.0  0.0
 525.00  0.0  0.0   -4.33   -2.42  0.0  0.0  0.0  0.0
 575.00  0.0  0.0   -4.19   -2.45  0.0  0.0  0.0  0.0
 625.00  0.0  0.0   -4.06   -2.48  0.0  0.0  0.0  0.0
 675.00  0.0  0.0   -3.93   -2.51  0.0  0.0  0.0  0.0
 725.00  0.0  0.0   -3.80   -2.53  0.0  0.0  0.0  0.0
 775.00  0.0  0.0   -3.68   -2.55  0.0  0.0  0.0  0.0
 825.00  0.0  0.0   -3.56   -2.56  0.0  0.0  0.0  0.0
 875.00  0.0  0.0   -3.45   -2.58  0.0  0.0  0.0  0.0
 925.00  0.0  0.0   -3.34   -2.59  0.0  0.0  0.0  0.0
 975.00  0.0  0.0   -3.23   -2.60  0.0  0.0  0.0  0.0
1025.00  0.0  0.0   -3.13   -2.60  0.0  0.0  0.0  0.0
1075.00  0.0  0.0   -3.03   -2.61  0.0  0.0  0.0  0.0
1125.00  0.0  0.0   -2.93   -2.61  0.0  0.0  0.0  0.0
1175.00  0.0  0.0   -2.84   -2.60  0.0  0.0  0.0  0.0
1225.00  0.0  0.0   -2.75   -2.60  0.0  0.0  0.0  0.0
1275.00  0.0  0.0   -2.67   -2.59  0.0  0.0  0.0  0.0
1325.00  0.0  0.0   -2.59   -2.58  0.0  0.0  0.0  0.0
1375.00  0.0  0.0   -2.51   -2.56  0.0  0.0  0.0  0.0
1425.00  0.0  0.0   -2.44   -2.55  0.0  0.0  0.0  0.0
1475.00  0.0  0.0   -2.37   -2.53  0.0  0.0  0.0  0.0
1525.00  0.0  0.0   -2.30   -2.50  0.0  0.0  0.0  0.0
1575.00  0.0  0.0   -2.24   -2.48  0.0  0.0  0.0  0.0
1625.00  0.0  0.0   -2.18   -2.45  0.0  0.0  0.0  0.0
1675.00  0.0  0.0   -2.13   -2.42  0.0  0.0  0.0  0.0
1725.00  0.0  0.0   -2.07   -2.39  0.0  0.0  0.0  0.0
1775.00  0.0  0.0   -2.03   -2.35  0.0  0.0  0.0  0.0
1825.00  0.0  0.0   -1.98   -2.31  0.0  0.0  0.0  0.0
1875.00  0.0  0.0   -1.94   -2.27  0.0  0.0  0.0  0.0
1925.00  0.0  0.0   -1.91   -2.22  0.0  0.0  0.0  0.0
1975.00  0.0  0.0   -1.87   -2.17  0.0  0.0  0.0  0.0
3750.00  0.0  0.0    7.00    0.00  0.0  0.0  0.0  0.0
3875.00  0.0  0.0   15.00    0.00  0.0  0.0  0.0  0.0
5875.00  0.0  0.0   25.00    0.00  0.0  0.0  0.0  0.0
6775.00  0.0  0.0   30.00    0.00  0.0  0.0  0.0  0.0
