  1.01780E+03  2.91000E+02  1.40000E+01
   0.0  2.89000E+02  9.00000E+00  7.00000E+00 -5.50000E+00
   5.0  2.89000E+02  9.00000E+00  7.00000E+00 -5.50000E+00
  10.0  2.89000E+02  9.00000E+00  7.00000E+00 -5.50000E+00
  15.0  2.89000E+02  9.00000E+00  7.00000E+00 -5.50000E+00
  20.0  2.89000E+02  9.00000E+00  7.00000E+00 -5.50000E+00
  25.0  2.89000E+02  9.00000E+00  7.00000E+00 -5.50000E+00
  30.0  2.89000E+02  9.00000E+00  7.00000E+00 -5.50000E+00
  35.0  2.89000E+02  9.00000E+00  7.00000E+00 -5.50000E+00
  40.0  2.89000E+02  9.00000E+00  7.00000E+00 -5.50000E+00
  45.0  2.89000E+02  9.00000E+00  7.00000E+00 -5.50000E+00
  50.0  2.89000E+02  9.00000E+00  7.00000E+00 -5.50000E+00
  55.0  2.89000E+02  9.00000E+00  7.00000E+00 -5.50000E+00
  60.0  2.89000E+02  9.00000E+00  7.00000E+00 -5.50000E+00
  65.0  2.89000E+02  9.00000E+00  7.00000E+00 -5.50000E+00
  70.0  2.89000E+02  9.00000E+00  7.00000E+00 -5.50000E+00
  75.0  2.89000E+02  9.00000E+00  7.00000E+00 -5.50000E+00
  80.0  2.89000E+02  9.00000E+00  7.00000E+00 -5.50000E+00
  85.0  2.89000E+02  9.00000E+00  7.00000E+00 -5.50000E+00
  90.0  2.89000E+02  9.00000E+00  7.00000E+00 -5.50000E+00
  95.0  2.89000E+02  9.00000E+00  7.00000E+00 -5.50000E+00
 100.0  2.89000E+02  9.00000E+00  7.00000E+00 -5.50000E+00
 105.0  2.89000E+02  9.00000E+00  7.00000E+00 -5.50000E+00
 110.0  2.89000E+02  9.00000E+00  7.00000E+00 -5.50000E+00
 115.0  2.89000E+02  9.00000E+00  7.00000E+00 -5.50000E+00
 120.0  2.89000E+02  9.00000E+00  7.00000E+00 -5.50000E+00
 125.0  2.89000E+02  9.00000E+00  7.00000E+00 -5.50000E+00
 130.0  2.89000E+02  9.00000E+00  7.00000E+00 -5.50000E+00
 135.0  2.89000E+02  9.00000E+00  7.00000E+00 -5.50000E+00
 140.0  2.89000E+02  9.00000E+00  7.00000E+00 -5.50000E+00
 145.0  2.89000E+02  9.00000E+00  7.00000E+00 -5.50000E+00
 150.0  2.89000E+02  9.00000E+00  7.00000E+00 -5.50000E+00
 155.0  2.89000E+02  9.00000E+00  7.00000E+00 -5.50000E+00
 160.0  2.89000E+02  9.00000E+00  7.00000E+00 -5.50000E+00
 165.0  2.89000E+02  9.00000E+00  7.00000E+00 -5.50000E+00
 170.0  2.89000E+02  9.00000E+00  7.00000E+00 -5.50000E+00
 175.0  2.89000E+02  9.00000E+00  7.00000E+00 -5.50000E+00
 180.0  2.89000E+02  9.00000E+00  7.00000E+00 -5.50000E+00
 185.0  2.89000E+02  9.00000E+00  7.00000E+00 -5.50000E+00
 190.0  2.89000E+02  9.00000E+00  7.00000E+00 -5.50000E+00
 195.0  2.89000E+02  9.00000E+00  7.00000E+00 -5.50000E+00
 200.0  2.89000E+02  9.00000E+00  7.00000E+00 -5.50000E+00
 205.0  2.89000E+02  9.00000E+00  7.00000E+00 -5.50000E+00
 210.0  2.89000E+02  9.00000E+00  7.00000E+00 -5.50000E+00
 215.0  2.89000E+02  9.00000E+00  7.00000E+00 -5.50000E+00
 220.0  2.89000E+02  9.00000E+00  7.00000E+00 -5.50000E+00
 225.0  2.89000E+02  9.00000E+00  7.00000E+00 -5.50000E+00
 230.0  2.89000E+02  9.00000E+00  7.00000E+00 -5.50000E+00
 235.0  2.89000E+02  9.00000E+00  7.00000E+00 -5.50000E+00
 240.0  2.89000E+02  9.00000E+00  7.00000E+00 -5.50000E+00
 245.0  2.89000E+02  9.00000E+00  7.00000E+00 -5.50000E+00
 250.0  2.89000E+02  9.00000E+00  7.00000E+00 -5.50000E+00
 255.0  2.89000E+02  9.00000E+00  7.00000E+00 -5.50000E+00
 260.0  2.89000E+02  9.00000E+00  7.00000E+00 -5.50000E+00
 265.0  2.89000E+02  9.00000E+00  7.00000E+00 -5.50000E+00
 270.0  2.89000E+02  9.00000E+00  7.00000E+00 -5.50000E+00
 275.0  2.89000E+02  9.00000E+00  7.00000E+00 -5.50000E+00
 280.0  2.89000E+02  9.00000E+00  7.00000E+00 -5.50000E+00
 285.0  2.89000E+02  9.00000E+00  7.00000E+00 -5.50000E+00
 290.0  2.89000E+02  9.00000E+00  7.00000E+00 -5.50000E+00
 295.0  2.89000E+02  9.00000E+00  7.00000E+00 -5.50000E+00
 300.0  2.89000E+02  9.00000E+00  7.00000E+00 -5.50000E+00
 305.0  2.89000E+02  9.00000E+00  7.00000E+00 -5.50000E+00
 310.0  2.89000E+02  9.00000E+00  7.00000E+00 -5.50000E+00
 315.0  2.89000E+02  9.00000E+00  7.00000E+00 -5.50000E+00
 320.0  2.89000E+02  9.00000E+00  7.00000E+00 -5.50000E+00
 325.0  2.89000E+02  9.00000E+00  7.00000E+00 -5.50000E+00
 330.0  2.89000E+02  9.00000E+00  7.00000E+00 -5.50000E+00
 335.0  2.89000E+02  9.00000E+00  7.00000E+00 -5.50000E+00
 340.0  2.89000E+02  9.00000E+00  7.00000E+00 -5.50000E+00
 345.0  2.89000E+02  9.00000E+00  7.00000E+00 -5.50000E+00
 350.0  2.89000E+02  9.00000E+00  7.00000E+00 -5.50000E+00
 355.0  2.89000E+02  9.00000E+00  7.00000E+00 -5.50000E+00
 360.0  2.89000E+02  9.00000E+00  7.00000E+00 -5.50000E+00
 365.0  2.89000E+02  9.00000E+00  7.00000E+00 -5.50000E+00
 370.0  2.89000E+02  9.00000E+00  7.00000E+00 -5.50000E+00
 375.0  2.89000E+02  9.00000E+00  7.00000E+00 -5.50000E+00
 380.0  2.89000E+02  9.00000E+00  7.00000E+00 -5.50000E+00
 385.0  2.89000E+02  9.00000E+00  7.00000E+00 -5.50000E+00
 390.0  2.89000E+02  9.00000E+00  7.00000E+00 -5.50000E+00
 395.0  2.89000E+02  9.00000E+00  7.00000E+00 -5.50000E+00
 400.0  2.89000E+02  9.00000E+00  7.00000E+00 -5.50000E+00
 405.0  2.89000E+02  9.00000E+00  7.00000E+00 -5.50000E+00
 410.0  2.89000E+02  9.00000E+00  7.00000E+00 -5.50000E+00
 415.0  2.89000E+02  9.00000E+00  7.00000E+00 -5.50000E+00
 420.0  2.89000E+02  9.00000E+00  7.00000E+00 -5.50000E+00
 425.0  2.89000E+02  9.00000E+00  7.00000E+00 -5.50000E+00
 430.0  2.89000E+02  9.00000E+00  7.00000E+00 -5.50000E+00
 435.0  2.89000E+02  9.00000E+00  7.00000E+00 -5.50000E+00
 440.0  2.89000E+02  9.00000E+00  7.00000E+00 -5.50000E+00
 445.0  2.89000E+02  9.00000E+00  7.00000E+00 -5.50000E+00
 450.0  2.89000E+02  9.00000E+00  7.00000E+00 -5.50000E+00
 455.0  2.89000E+02  9.00000E+00  7.00000E+00 -5.50000E+00
 460.0  2.89000E+02  9.00000E+00  7.00000E+00 -5.50000E+00
 465.0  2.89000E+02  9.00000E+00  7.00000E+00 -5.50000E+00
 470.0  2.89000E+02  9.00000E+00  7.00000E+00 -5.50000E+00
 475.0  2.89000E+02  9.00000E+00  7.00000E+00 -5.50000E+00
 480.0  2.89000E+02  9.00000E+00  7.00000E+00 -5.50000E+00
 485.0  2.89000E+02  9.00000E+00  7.00000E+00 -5.50000E+00
 490.0  2.89000E+02  9.00000E+00  7.00000E+00 -5.50000E+00
 495.0  2.89000E+02  9.00000E+00  7.00000E+00 -5.50000E+00
 500.0  2.89000E+02  9.00000E+00  7.00000E+00 -5.50000E+00
 505.0  2.89000E+02  9.00000E+00  7.00000E+00 -5.50000E+00
 510.0  2.89000E+02  9.00000E+00  7.00000E+00 -5.50000E+00
 515.0  2.89000E+02  9.00000E+00  7.00000E+00 -5.50000E+00
 520.0  2.89000E+02  9.00000E+00  7.00000E+00 -5.50000E+00
 525.0  2.89000E+02  9.00000E+00  7.00000E+00 -5.50000E+00
 530.0  2.89000E+02  9.00000E+00  7.00000E+00 -5.50000E+00
 535.0  2.89000E+02  9.00000E+00  7.00000E+00 -5.50000E+00
 540.0  2.89000E+02  9.00000E+00  7.00000E+00 -5.50000E+00
 545.0  2.89000E+02  9.00000E+00  7.00000E+00 -5.50000E+00
 550.0  2.89000E+02  9.00000E+00  7.00000E+00 -5.50000E+00
 555.0  2.89000E+02  9.00000E+00  7.00000E+00 -5.50000E+00
 560.0  2.89000E+02  9.00000E+00  7.00000E+00 -5.50000E+00
 565.0  2.89000E+02  9.00000E+00  7.00000E+00 -5.50000E+00
 570.0  2.89000E+02  9.00000E+00  7.00000E+00 -5.50000E+00
 575.0  2.89000E+02  9.00000E+00  7.00000E+00 -5.50000E+00
 580.0  2.89000E+02  9.00000E+00  7.00000E+00 -5.50000E+00
 585.0  2.89000E+02  9.00000E+00  7.00000E+00 -5.50000E+00
 590.0  2.89000E+02  9.00000E+00  7.00000E+00 -5.50000E+00
 595.0  2.89000E+02  9.00000E+00  7.00000E+00 -5.50000E+00
 600.0  2.89000E+02  9.00000E+00  7.00000E+00 -5.50000E+00
 605.0  2.89000E+02  9.00000E+00  7.00000E+00 -5.50000E+00
 610.0  2.89000E+02  9.00000E+00  7.00000E+00 -5.50000E+00
 615.0  2.89000E+02  9.00000E+00  7.00000E+00 -5.50000E+00
 620.0  2.89000E+02  9.00000E+00  7.00000E+00 -5.50000E+00
 625.0  2.89000E+02  9.00000E+00  7.00000E+00 -5.50000E+00
 630.0  2.89000E+02  9.00000E+00  7.00000E+00 -5.50000E+00
 635.0  2.89000E+02  9.00000E+00  7.00000E+00 -5.50000E+00
 640.0  2.89000E+02  9.00000E+00  7.00000E+00 -5.50000E+00
 645.0  2.89000E+02  9.00000E+00  7.00000E+00 -5.50000E+00
 650.0  2.89000E+02  9.00000E+00  7.00000E+00 -5.50000E+00
 655.0  2.89000E+02  9.00000E+00  7.00000E+00 -5.50000E+00
 660.0  2.89000E+02  9.00000E+00  7.00000E+00 -5.50000E+00
 665.0  2.89000E+02  9.00000E+00  7.00000E+00 -5.50000E+00
 670.0  2.89000E+02  9.00000E+00  7.00000E+00 -5.50000E+00
 675.0  2.89000E+02  9.00000E+00  7.00000E+00 -5.50000E+00
 680.0  2.89000E+02  9.00000E+00  7.00000E+00 -5.50000E+00
 685.0  2.89000E+02  9.00000E+00  7.00000E+00 -5.50000E+00
 690.0  2.89000E+02  9.00000E+00  7.00000E+00 -5.50000E+00
 695.0  2.89000E+02  9.00000E+00  7.00000E+00 -5.50000E+00
 700.0  2.89000E+02  9.00000E+00  7.00000E+00 -5.50000E+00
 705.0  2.89000E+02  9.00000E+00  7.00000E+00 -5.50000E+00
 710.0  2.89000E+02  9.00000E+00  7.00000E+00 -5.50000E+00
 715.0  2.89000E+02  9.00000E+00  7.00000E+00 -5.50000E+00
 720.0  2.89000E+02  9.00000E+00  7.00000E+00 -5.50000E+00
 725.0  2.89000E+02  9.00000E+00  7.00000E+00 -5.50000E+00
 730.0  2.89000E+02  9.00000E+00  7.00000E+00 -5.50000E+00
 735.0  2.89000E+02  9.00000E+00  7.00000E+00 -5.50000E+00
 740.0  2.89000E+02  9.00000E+00  7.00000E+00 -5.50000E+00
 745.0  2.89000E+02  9.00000E+00  7.00000E+00 -5.50000E+00
 750.0  2.89000E+02  9.00000E+00  7.00000E+00 -5.50000E+00
 755.0  2.89000E+02  9.00000E+00  7.00000E+00 -5.50000E+00
 760.0  2.89000E+02  9.00000E+00  7.00000E+00 -5.50000E+00
 765.0  2.89000E+02  9.00000E+00  7.00000E+00 -5.50000E+00
 770.0  2.89000E+02  9.00000E+00  7.00000E+00 -5.50000E+00
 775.0  2.89000E+02  9.00000E+00  7.00000E+00 -5.50000E+00
 780.0  2.89000E+02  9.00000E+00  7.00000E+00 -5.50000E+00
 785.0  2.89000E+02  9.00000E+00  7.00000E+00 -5.50000E+00
 790.0  2.89000E+02  9.00000E+00  7.00000E+00 -5.50000E+00
 795.0  2.89000E+02  9.00000E+00  7.00000E+00 -5.50000E+00
 800.0  2.89000E+02  9.00000E+00  7.00000E+00 -5.50000E+00
 805.0  2.89000E+02  9.00000E+00  7.00000E+00 -5.50000E+00
 810.0  2.89000E+02  9.00000E+00  7.00000E+00 -5.50000E+00
 815.0  2.89000E+02  9.00000E+00  7.00000E+00 -5.50000E+00
 820.0  2.89000E+02  9.00000E+00  7.00000E+00 -5.50000E+00
 825.0  2.89000E+02  9.00000E+00  7.00000E+00 -5.50000E+00
 830.0  2.89000E+02  9.00000E+00  7.00000E+00 -5.50000E+00
 835.0  2.89000E+02  9.00000E+00  7.00000E+00 -5.50000E+00
 840.0  2.89000E+02  9.00000E+00  7.00000E+00 -5.50000E+00
 845.0  2.99210E+02  1.50000E+00  7.00000E+00 -5.50000E+00
 850.0  2.99654E+02  1.50000E+00  7.00000E+00 -5.50000E+00
 855.0  2.99966E+02  1.50000E+00  7.00000E+00 -5.50000E+00
 860.0  3.00214E+02  1.50000E+00  7.00000E+00 -5.50000E+00
 865.0  3.00424E+02  1.50000E+00  7.00000E+00 -5.50000E+00
 870.0  3.00607E+02  1.50000E+00  7.00000E+00 -5.50000E+00
 875.0  3.00771E+02  1.50000E+00  7.00000E+00 -5.50000E+00
 880.0  3.00920E+02  1.50000E+00  7.00000E+00 -5.50000E+00
 885.0  3.01057E+02  1.50000E+00  7.00000E+00 -5.50000E+00
 890.0  3.01184E+02  1.50000E+00  7.00000E+00 -5.50000E+00
 895.0  3.01303E+02  1.50000E+00  7.00000E+00 -5.50000E+00
 900.0  3.01415E+02  1.50000E+00  7.00000E+00 -5.50000E+00
 905.0  3.01521E+02  1.50000E+00  7.00000E+00 -5.50000E+00
 910.0  3.01621E+02  1.50000E+00  7.00000E+00 -5.50000E+00
 915.0  3.01717E+02  1.50000E+00  7.00000E+00 -5.50000E+00
 920.0  3.01809E+02  1.50000E+00  7.00000E+00 -5.50000E+00
 925.0  3.01897E+02  1.50000E+00  7.00000E+00 -5.50000E+00
 930.0  3.01981E+02  1.50000E+00  7.00000E+00 -5.50000E+00
 935.0  3.02063E+02  1.50000E+00  7.00000E+00 -5.50000E+00
 940.0  3.02142E+02  1.50000E+00  7.00000E+00 -5.50000E+00
 945.0  3.02218E+02  1.50000E+00  7.00000E+00 -5.50000E+00
 950.0  3.02291E+02  1.50000E+00  7.00000E+00 -5.50000E+00
 955.0  3.02363E+02  1.50000E+00  7.00000E+00 -5.50000E+00
 960.0  3.02432E+02  1.50000E+00  7.00000E+00 -5.50000E+00
 965.0  3.02500E+02  1.50000E+00  7.00000E+00 -5.50000E+00
 970.0  3.02566E+02  1.50000E+00  7.00000E+00 -5.50000E+00
 975.0  3.02630E+02  1.50000E+00  7.00000E+00 -5.50000E+00
 980.0  3.02692E+02  1.50000E+00  7.00000E+00 -5.50000E+00
 985.0  3.02754E+02  1.50000E+00  7.00000E+00 -5.50000E+00
 990.0  3.02813E+02  1.50000E+00  7.00000E+00 -5.50000E+00
 995.0  3.02872E+02  1.50000E+00  7.00000E+00 -5.50000E+00
1000.0  3.02929E+02  1.50000E+00  7.00000E+00 -5.50000E+00
1005.0  3.02985E+02  1.50000E+00  7.00000E+00 -5.50000E+00
1010.0  3.03040E+02  1.50000E+00  7.00000E+00 -5.50000E+00
1015.0  3.03093E+02  1.50000E+00  7.00000E+00 -5.50000E+00
1020.0  3.03146E+02  1.50000E+00  7.00000E+00 -5.50000E+00
1025.0  3.03198E+02  1.50000E+00  7.00000E+00 -5.50000E+00
1030.0  3.03249E+02  1.50000E+00  7.00000E+00 -5.50000E+00
1035.0  3.03299E+02  1.50000E+00  7.00000E+00 -5.50000E+00
1040.0  3.03348E+02  1.50000E+00  7.00000E+00 -5.50000E+00
1045.0  3.03396E+02  1.50000E+00  7.00000E+00 -5.50000E+00
1050.0  3.03444E+02  1.50000E+00  7.00000E+00 -5.50000E+00
1055.0  3.03491E+02  1.50000E+00  7.00000E+00 -5.50000E+00
1060.0  3.03537E+02  1.50000E+00  7.00000E+00 -5.50000E+00
1065.0  3.03582E+02  1.50000E+00  7.00000E+00 -5.50000E+00
1070.0  3.03627E+02  1.50000E+00  7.00000E+00 -5.50000E+00
1075.0  3.03671E+02  1.50000E+00  7.00000E+00 -5.50000E+00
1080.0  3.03714E+02  1.50000E+00  7.00000E+00 -5.50000E+00
1085.0  3.03757E+02  1.50000E+00  7.00000E+00 -5.50000E+00
1090.0  3.03800E+02  1.50000E+00  7.00000E+00 -5.50000E+00
1095.0  3.03841E+02  1.50000E+00  7.00000E+00 -5.50000E+00
1100.0  3.03883E+02  1.50000E+00  7.00000E+00 -5.50000E+00
1105.0  3.03923E+02  1.50000E+00  7.00000E+00 -5.50000E+00
1110.0  3.03963E+02  1.50000E+00  7.00000E+00 -5.50000E+00
1115.0  3.04003E+02  1.50000E+00  7.00000E+00 -5.50000E+00
1120.0  3.04042E+02  1.50000E+00  7.00000E+00 -5.50000E+00
1125.0  3.04081E+02  1.50000E+00  7.00000E+00 -5.50000E+00
1130.0  3.04119E+02  1.50000E+00  7.00000E+00 -5.50000E+00
1135.0  3.04157E+02  1.50000E+00  7.00000E+00 -5.50000E+00
1140.0  3.04194E+02  1.50000E+00  7.00000E+00 -5.50000E+00
1145.0  3.04231E+02  1.50000E+00  7.00000E+00 -5.50000E+00
1150.0  3.04268E+02  1.50000E+00  7.00000E+00 -5.50000E+00
1155.0  3.04304E+02  1.50000E+00  7.00000E+00 -5.50000E+00
1160.0  3.04340E+02  1.50000E+00  7.00000E+00 -5.50000E+00
1165.0  3.04375E+02  1.50000E+00  7.00000E+00 -5.50000E+00
1170.0  3.04410E+02  1.50000E+00  7.00000E+00 -5.50000E+00
1175.0  3.04445E+02  1.50000E+00  7.00000E+00 -5.50000E+00
1180.0  3.04480E+02  1.50000E+00  7.00000E+00 -5.50000E+00
1185.0  3.04514E+02  1.50000E+00  7.00000E+00 -5.50000E+00
1190.0  3.04547E+02  1.50000E+00  7.00000E+00 -5.50000E+00
1195.0  3.04581E+02  1.50000E+00  7.00000E+00 -5.50000E+00
1200.0  3.04614E+02  1.50000E+00  7.00000E+00 -5.50000E+00
1205.0  3.04647E+02  1.50000E+00  7.00000E+00 -5.50000E+00
1210.0  3.04679E+02  1.50000E+00  7.00000E+00 -5.50000E+00
1215.0  3.04711E+02  1.50000E+00  7.00000E+00 -5.50000E+00
1220.0  3.04743E+02  1.50000E+00  7.00000E+00 -5.50000E+00
1225.0  3.04775E+02  1.50000E+00  7.00000E+00 -5.50000E+00
1230.0  3.04806E+02  1.50000E+00  7.00000E+00 -5.50000E+00
1235.0  3.04837E+02  1.50000E+00  7.00000E+00 -5.50000E+00
1240.0  3.04868E+02  1.50000E+00  7.00000E+00 -5.50000E+00
1245.0  3.04899E+02  1.50000E+00  7.00000E+00 -5.50000E+00
1250.0  3.04929E+02  1.50000E+00  7.00000E+00 -5.50000E+00
1255.0  3.04959E+02  1.50000E+00  7.00000E+00 -5.50000E+00
1260.0  3.04989E+02  1.50000E+00  7.00000E+00 -5.50000E+00
1265.0  3.05018E+02  1.50000E+00  7.00000E+00 -5.50000E+00
1270.0  3.05048E+02  1.50000E+00  7.00000E+00 -5.50000E+00
1275.0  3.05077E+02  1.50000E+00  7.00000E+00 -5.50000E+00
1280.0  3.05106E+02  1.50000E+00  7.00000E+00 -5.50000E+00
1285.0  3.05135E+02  1.50000E+00  7.00000E+00 -5.50000E+00
1290.0  3.05163E+02  1.50000E+00  7.00000E+00 -5.50000E+00
1295.0  3.05191E+02  1.50000E+00  7.00000E+00 -5.50000E+00
1300.0  3.05219E+02  1.50000E+00  7.00000E+00 -5.50000E+00
1305.0  3.05247E+02  1.50000E+00  7.00000E+00 -5.50000E+00
1310.0  3.05275E+02  1.50000E+00  7.00000E+00 -5.50000E+00
1315.0  3.05302E+02  1.50000E+00  7.00000E+00 -5.50000E+00
1320.0  3.05330E+02  1.50000E+00  7.00000E+00 -5.50000E+00
1325.0  3.05357E+02  1.50000E+00  7.00000E+00 -5.50000E+00
1330.0  3.05384E+02  1.50000E+00  7.00000E+00 -5.50000E+00
1335.0  3.05410E+02  1.50000E+00  7.00000E+00 -5.50000E+00
1340.0  3.05437E+02  1.50000E+00  7.00000E+00 -5.50000E+00
1345.0  3.05463E+02  1.50000E+00  7.00000E+00 -5.50000E+00
1350.0  3.05490E+02  1.50000E+00  7.00000E+00 -5.50000E+00
1355.0  3.05516E+02  1.50000E+00  7.00000E+00 -5.50000E+00
1360.0  3.05541E+02  1.50000E+00  7.00000E+00 -5.50000E+00
1365.0  3.05567E+02  1.50000E+00  7.00000E+00 -5.50000E+00
1370.0  3.05593E+02  1.50000E+00  7.00000E+00 -5.50000E+00
1375.0  3.05618E+02  1.50000E+00  7.00000E+00 -5.50000E+00
1380.0  3.05643E+02  1.50000E+00  7.00000E+00 -5.50000E+00
1385.0  3.05668E+02  1.50000E+00  7.00000E+00 -5.50000E+00
1390.0  3.05693E+02  1.50000E+00  7.00000E+00 -5.50000E+00
1395.0  3.05718E+02  1.50000E+00  7.00000E+00 -5.50000E+00
1400.0  3.05743E+02  1.50000E+00  7.00000E+00 -5.50000E+00
1405.0  3.05767E+02  1.50000E+00  7.00000E+00 -5.50000E+00
1410.0  3.05791E+02  1.50000E+00  7.00000E+00 -5.50000E+00
1415.0  3.05816E+02  1.50000E+00  7.00000E+00 -5.50000E+00
1420.0  3.05840E+02  1.50000E+00  7.00000E+00 -5.50000E+00
1425.0  3.05863E+02  1.50000E+00  7.00000E+00 -5.50000E+00
1430.0  3.05887E+02  1.50000E+00  7.00000E+00 -5.50000E+00
1435.0  3.05911E+02  1.50000E+00  7.00000E+00 -5.50000E+00
1440.0  3.05934E+02  1.50000E+00  7.00000E+00 -5.50000E+00
1445.0  3.05958E+02  1.50000E+00  7.00000E+00 -5.50000E+00
1450.0  3.05981E+02  1.50000E+00  7.00000E+00 -5.50000E+00
1455.0  3.06004E+02  1.50000E+00  7.00000E+00 -5.50000E+00
1460.0  3.06027E+02  1.50000E+00  7.00000E+00 -5.50000E+00
1465.0  3.06050E+02  1.50000E+00  7.00000E+00 -5.50000E+00
1470.0  3.06073E+02  1.50000E+00  7.00000E+00 -5.50000E+00
1475.0  3.06095E+02  1.50000E+00  7.00000E+00 -5.50000E+00
1480.0  3.06118E+02  1.50000E+00  7.00000E+00 -5.50000E+00
1485.0  3.06140E+02  1.50000E+00  7.00000E+00 -5.50000E+00
1490.0  3.06162E+02  1.50000E+00  7.00000E+00 -5.50000E+00
1495.0  3.06185E+02  1.50000E+00  7.00000E+00 -5.50000E+00
1500.0  3.06207E+02  1.50000E+00  7.00000E+00 -5.50000E+00
