z(m) tlsf(K) qlsf(g/kg) ulsf(m/s) vlsf(m/s) wlsf(m/s) dtlsf(K/s) dqlsf(kg/kg/s) rlsf(K/s)
301  nzlsf
   0.0  day
   0.0  0.00000E+00  0.00000E+00  0.00000E+00  0.00000E+00 -0.00000E+00  0.00000E+00  0.00000E+00  0.00000E+00
   5.0  0.00000E+00  0.00000E+00  0.00000E+00  0.00000E+00 -1.87500E-05  0.00000E+00  0.00000E+00  0.00000E+00
  10.0  0.00000E+00  0.00000E+00  0.00000E+00  0.00000E+00 -3.75000E-05  0.00000E+00  0.00000E+00  0.00000E+00
  15.0  0.00000E+00  0.00000E+00  0.00000E+00  0.00000E+00 -5.62500E-05  0.00000E+00  0.00000E+00  0.00000E+00
  20.0  0.00000E+00  0.00000E+00  0.00000E+00  0.00000E+00 -7.50000E-05  0.00000E+00  0.00000E+00  0.00000E+00
  25.0  0.00000E+00  0.00000E+00  0.00000E+00  0.00000E+00 -9.37500E-05  0.00000E+00  0.00000E+00  0.00000E+00
  30.0  0.00000E+00  0.00000E+00  0.00000E+00  0.00000E+00 -1.12500E-04  0.00000E+00  0.00000E+00  0.00000E+00
  35.0  0.00000E+00  0.00000E+00  0.00000E+00  0.00000E+00 -1.31250E-04  0.00000E+00  0.00000E+00  0.00000E+00
  40.0  0.00000E+00  0.00000E+00  0.00000E+00  0.00000E+00 -1.50000E-04  0.00000E+00  0.00000E+00  0.00000E+00
  45.0  0.00000E+00  0.00000E+00  0.00000E+00  0.00000E+00 -1.68750E-04  0.00000E+00  0.00000E+00  0.00000E+00
  50.0  0.00000E+00  0.00000E+00  0.00000E+00  0.00000E+00 -1.87500E-04  0.00000E+00  0.00000E+00  0.00000E+00
  55.0  0.00000E+00  0.00000E+00  0.00000E+00  0.00000E+00 -2.06250E-04  0.00000E+00  0.00000E+00  0.00000E+00
  60.0  0.00000E+00  0.00000E+00  0.00000E+00  0.00000E+00 -2.25000E-04  0.00000E+00  0.00000E+00  0.00000E+00
  65.0  0.00000E+00  0.00000E+00  0.00000E+00  0.00000E+00 -2.43750E-04  0.00000E+00  0.00000E+00  0.00000E+00
  70.0  0.00000E+00  0.00000E+00  0.00000E+00  0.00000E+00 -2.62500E-04  0.00000E+00  0.00000E+00  0.00000E+00
  75.0  0.00000E+00  0.00000E+00  0.00000E+00  0.00000E+00 -2.81250E-04  0.00000E+00  0.00000E+00  0.00000E+00
  80.0  0.00000E+00  0.00000E+00  0.00000E+00  0.00000E+00 -3.00000E-04  0.00000E+00  0.00000E+00  0.00000E+00
  85.0  0.00000E+00  0.00000E+00  0.00000E+00  0.00000E+00 -3.18750E-04  0.00000E+00  0.00000E+00  0.00000E+00
  90.0  0.00000E+00  0.00000E+00  0.00000E+00  0.00000E+00 -3.37500E-04  0.00000E+00  0.00000E+00  0.00000E+00
  95.0  0.00000E+00  0.00000E+00  0.00000E+00  0.00000E+00 -3.56250E-04  0.00000E+00  0.00000E+00  0.00000E+00
 100.0  0.00000E+00  0.00000E+00  0.00000E+00  0.00000E+00 -3.75000E-04  0.00000E+00  0.00000E+00  0.00000E+00
 105.0  0.00000E+00  0.00000E+00  0.00000E+00  0.00000E+00 -3.93750E-04  0.00000E+00  0.00000E+00  0.00000E+00
 110.0  0.00000E+00  0.00000E+00  0.00000E+00  0.00000E+00 -4.12500E-04  0.00000E+00  0.00000E+00  0.00000E+00
 115.0  0.00000E+00  0.00000E+00  0.00000E+00  0.00000E+00 -4.31250E-04  0.00000E+00  0.00000E+00  0.00000E+00
 120.0  0.00000E+00  0.00000E+00  0.00000E+00  0.00000E+00 -4.50000E-04  0.00000E+00  0.00000E+00  0.00000E+00
 125.0  0.00000E+00  0.00000E+00  0.00000E+00  0.00000E+00 -4.68750E-04  0.00000E+00  0.00000E+00  0.00000E+00
 130.0  0.00000E+00  0.00000E+00  0.00000E+00  0.00000E+00 -4.87500E-04  0.00000E+00  0.00000E+00  0.00000E+00
 135.0  0.00000E+00  0.00000E+00  0.00000E+00  0.00000E+00 -5.06250E-04  0.00000E+00  0.00000E+00  0.00000E+00
 140.0  0.00000E+00  0.00000E+00  0.00000E+00  0.00000E+00 -5.25000E-04  0.00000E+00  0.00000E+00  0.00000E+00
 145.0  0.00000E+00  0.00000E+00  0.00000E+00  0.00000E+00 -5.43750E-04  0.00000E+00  0.00000E+00  0.00000E+00
 150.0  0.00000E+00  0.00000E+00  0.00000E+00  0.00000E+00 -5.62500E-04  0.00000E+00  0.00000E+00  0.00000E+00
 155.0  0.00000E+00  0.00000E+00  0.00000E+00  0.00000E+00 -5.81250E-04  0.00000E+00  0.00000E+00  0.00000E+00
 160.0  0.00000E+00  0.00000E+00  0.00000E+00  0.00000E+00 -6.00000E-04  0.00000E+00  0.00000E+00  0.00000E+00
 165.0  0.00000E+00  0.00000E+00  0.00000E+00  0.00000E+00 -6.18750E-04  0.00000E+00  0.00000E+00  0.00000E+00
 170.0  0.00000E+00  0.00000E+00  0.00000E+00  0.00000E+00 -6.37500E-04  0.00000E+00  0.00000E+00  0.00000E+00
 175.0  0.00000E+00  0.00000E+00  0.00000E+00  0.00000E+00 -6.56250E-04  0.00000E+00  0.00000E+00  0.00000E+00
 180.0  0.00000E+00  0.00000E+00  0.00000E+00  0.00000E+00 -6.75000E-04  0.00000E+00  0.00000E+00  0.00000E+00
 185.0  0.00000E+00  0.00000E+00  0.00000E+00  0.00000E+00 -6.93750E-04  0.00000E+00  0.00000E+00  0.00000E+00
 190.0  0.00000E+00  0.00000E+00  0.00000E+00  0.00000E+00 -7.12500E-04  0.00000E+00  0.00000E+00  0.00000E+00
 195.0  0.00000E+00  0.00000E+00  0.00000E+00  0.00000E+00 -7.31250E-04  0.00000E+00  0.00000E+00  0.00000E+00
 200.0  0.00000E+00  0.00000E+00  0.00000E+00  0.00000E+00 -7.50000E-04  0.00000E+00  0.00000E+00  0.00000E+00
 205.0  0.00000E+00  0.00000E+00  0.00000E+00  0.00000E+00 -7.68750E-04  0.00000E+00  0.00000E+00  0.00000E+00
 210.0  0.00000E+00  0.00000E+00  0.00000E+00  0.00000E+00 -7.87500E-04  0.00000E+00  0.00000E+00  0.00000E+00
 215.0  0.00000E+00  0.00000E+00  0.00000E+00  0.00000E+00 -8.06250E-04  0.00000E+00  0.00000E+00  0.00000E+00
 220.0  0.00000E+00  0.00000E+00  0.00000E+00  0.00000E+00 -8.25000E-04  0.00000E+00  0.00000E+00  0.00000E+00
 225.0  0.00000E+00  0.00000E+00  0.00000E+00  0.00000E+00 -8.43750E-04  0.00000E+00  0.00000E+00  0.00000E+00
 230.0  0.00000E+00  0.00000E+00  0.00000E+00  0.00000E+00 -8.62500E-04  0.00000E+00  0.00000E+00  0.00000E+00
 235.0  0.00000E+00  0.00000E+00  0.00000E+00  0.00000E+00 -8.81250E-04  0.00000E+00  0.00000E+00  0.00000E+00
 240.0  0.00000E+00  0.00000E+00  0.00000E+00  0.00000E+00 -9.00000E-04  0.00000E+00  0.00000E+00  0.00000E+00
 245.0  0.00000E+00  0.00000E+00  0.00000E+00  0.00000E+00 -9.18750E-04  0.00000E+00  0.00000E+00  0.00000E+00
 250.0  0.00000E+00  0.00000E+00  0.00000E+00  0.00000E+00 -9.37500E-04  0.00000E+00  0.00000E+00  0.00000E+00
 255.0  0.00000E+00  0.00000E+00  0.00000E+00  0.00000E+00 -9.56250E-04  0.00000E+00  0.00000E+00  0.00000E+00
 260.0  0.00000E+00  0.00000E+00  0.00000E+00  0.00000E+00 -9.75000E-04  0.00000E+00  0.00000E+00  0.00000E+00
 265.0  0.00000E+00  0.00000E+00  0.00000E+00  0.00000E+00 -9.93750E-04  0.00000E+00  0.00000E+00  0.00000E+00
 270.0  0.00000E+00  0.00000E+00  0.00000E+00  0.00000E+00 -1.01250E-03  0.00000E+00  0.00000E+00  0.00000E+00
 275.0  0.00000E+00  0.00000E+00  0.00000E+00  0.00000E+00 -1.03125E-03  0.00000E+00  0.00000E+00  0.00000E+00
 280.0  0.00000E+00  0.00000E+00  0.00000E+00  0.00000E+00 -1.05000E-03  0.00000E+00  0.00000E+00  0.00000E+00
 285.0  0.00000E+00  0.00000E+00  0.00000E+00  0.00000E+00 -1.06875E-03  0.00000E+00  0.00000E+00  0.00000E+00
 290.0  0.00000E+00  0.00000E+00  0.00000E+00  0.00000E+00 -1.08750E-03  0.00000E+00  0.00000E+00  0.00000E+00
 295.0  0.00000E+00  0.00000E+00  0.00000E+00  0.00000E+00 -1.10625E-03  0.00000E+00  0.00000E+00  0.00000E+00
 300.0  0.00000E+00  0.00000E+00  0.00000E+00  0.00000E+00 -1.12500E-03  0.00000E+00  0.00000E+00  0.00000E+00
 305.0  0.00000E+00  0.00000E+00  0.00000E+00  0.00000E+00 -1.14375E-03  0.00000E+00  0.00000E+00  0.00000E+00
 310.0  0.00000E+00  0.00000E+00  0.00000E+00  0.00000E+00 -1.16250E-03  0.00000E+00  0.00000E+00  0.00000E+00
 315.0  0.00000E+00  0.00000E+00  0.00000E+00  0.00000E+00 -1.18125E-03  0.00000E+00  0.00000E+00  0.00000E+00
 320.0  0.00000E+00  0.00000E+00  0.00000E+00  0.00000E+00 -1.20000E-03  0.00000E+00  0.00000E+00  0.00000E+00
 325.0  0.00000E+00  0.00000E+00  0.00000E+00  0.00000E+00 -1.21875E-03  0.00000E+00  0.00000E+00  0.00000E+00
 330.0  0.00000E+00  0.00000E+00  0.00000E+00  0.00000E+00 -1.23750E-03  0.00000E+00  0.00000E+00  0.00000E+00
 335.0  0.00000E+00  0.00000E+00  0.00000E+00  0.00000E+00 -1.25625E-03  0.00000E+00  0.00000E+00  0.00000E+00
 340.0  0.00000E+00  0.00000E+00  0.00000E+00  0.00000E+00 -1.27500E-03  0.00000E+00  0.00000E+00  0.00000E+00
 345.0  0.00000E+00  0.00000E+00  0.00000E+00  0.00000E+00 -1.29375E-03  0.00000E+00  0.00000E+00  0.00000E+00
 350.0  0.00000E+00  0.00000E+00  0.00000E+00  0.00000E+00 -1.31250E-03  0.00000E+00  0.00000E+00  0.00000E+00
 355.0  0.00000E+00  0.00000E+00  0.00000E+00  0.00000E+00 -1.33125E-03  0.00000E+00  0.00000E+00  0.00000E+00
 360.0  0.00000E+00  0.00000E+00  0.00000E+00  0.00000E+00 -1.35000E-03  0.00000E+00  0.00000E+00  0.00000E+00
 365.0  0.00000E+00  0.00000E+00  0.00000E+00  0.00000E+00 -1.36875E-03  0.00000E+00  0.00000E+00  0.00000E+00
 370.0  0.00000E+00  0.00000E+00  0.00000E+00  0.00000E+00 -1.38750E-03  0.00000E+00  0.00000E+00  0.00000E+00
 375.0  0.00000E+00  0.00000E+00  0.00000E+00  0.00000E+00 -1.40625E-03  0.00000E+00  0.00000E+00  0.00000E+00
 380.0  0.00000E+00  0.00000E+00  0.00000E+00  0.00000E+00 -1.42500E-03  0.00000E+00  0.00000E+00  0.00000E+00
 385.0  0.00000E+00  0.00000E+00  0.00000E+00  0.00000E+00 -1.44375E-03  0.00000E+00  0.00000E+00  0.00000E+00
 390.0  0.00000E+00  0.00000E+00  0.00000E+00  0.00000E+00 -1.46250E-03  0.00000E+00  0.00000E+00  0.00000E+00
 395.0  0.00000E+00  0.00000E+00  0.00000E+00  0.00000E+00 -1.48125E-03  0.00000E+00  0.00000E+00  0.00000E+00
 400.0  0.00000E+00  0.00000E+00  0.00000E+00  0.00000E+00 -1.50000E-03  0.00000E+00  0.00000E+00  0.00000E+00
 405.0  0.00000E+00  0.00000E+00  0.00000E+00  0.00000E+00 -1.51875E-03  0.00000E+00  0.00000E+00  0.00000E+00
 410.0  0.00000E+00  0.00000E+00  0.00000E+00  0.00000E+00 -1.53750E-03  0.00000E+00  0.00000E+00  0.00000E+00
 415.0  0.00000E+00  0.00000E+00  0.00000E+00  0.00000E+00 -1.55625E-03  0.00000E+00  0.00000E+00  0.00000E+00
 420.0  0.00000E+00  0.00000E+00  0.00000E+00  0.00000E+00 -1.57500E-03  0.00000E+00  0.00000E+00  0.00000E+00
 425.0  0.00000E+00  0.00000E+00  0.00000E+00  0.00000E+00 -1.59375E-03  0.00000E+00  0.00000E+00  0.00000E+00
 430.0  0.00000E+00  0.00000E+00  0.00000E+00  0.00000E+00 -1.61250E-03  0.00000E+00  0.00000E+00  0.00000E+00
 435.0  0.00000E+00  0.00000E+00  0.00000E+00  0.00000E+00 -1.63125E-03  0.00000E+00  0.00000E+00  0.00000E+00
 440.0  0.00000E+00  0.00000E+00  0.00000E+00  0.00000E+00 -1.65000E-03  0.00000E+00  0.00000E+00  0.00000E+00
 445.0  0.00000E+00  0.00000E+00  0.00000E+00  0.00000E+00 -1.66875E-03  0.00000E+00  0.00000E+00  0.00000E+00
 450.0  0.00000E+00  0.00000E+00  0.00000E+00  0.00000E+00 -1.68750E-03  0.00000E+00  0.00000E+00  0.00000E+00
 455.0  0.00000E+00  0.00000E+00  0.00000E+00  0.00000E+00 -1.70625E-03  0.00000E+00  0.00000E+00  0.00000E+00
 460.0  0.00000E+00  0.00000E+00  0.00000E+00  0.00000E+00 -1.72500E-03  0.00000E+00  0.00000E+00  0.00000E+00
 465.0  0.00000E+00  0.00000E+00  0.00000E+00  0.00000E+00 -1.74375E-03  0.00000E+00  0.00000E+00  0.00000E+00
 470.0  0.00000E+00  0.00000E+00  0.00000E+00  0.00000E+00 -1.76250E-03  0.00000E+00  0.00000E+00  0.00000E+00
 475.0  0.00000E+00  0.00000E+00  0.00000E+00  0.00000E+00 -1.78125E-03  0.00000E+00  0.00000E+00  0.00000E+00
 480.0  0.00000E+00  0.00000E+00  0.00000E+00  0.00000E+00 -1.80000E-03  0.00000E+00  0.00000E+00  0.00000E+00
 485.0  0.00000E+00  0.00000E+00  0.00000E+00  0.00000E+00 -1.81875E-03  0.00000E+00  0.00000E+00  0.00000E+00
 490.0  0.00000E+00  0.00000E+00  0.00000E+00  0.00000E+00 -1.83750E-03  0.00000E+00  0.00000E+00  0.00000E+00
 495.0  0.00000E+00  0.00000E+00  0.00000E+00  0.00000E+00 -1.85625E-03  0.00000E+00  0.00000E+00  0.00000E+00
 500.0  0.00000E+00  0.00000E+00  0.00000E+00  0.00000E+00 -1.87500E-03  0.00000E+00  0.00000E+00  0.00000E+00
 505.0  0.00000E+00  0.00000E+00  0.00000E+00  0.00000E+00 -1.89375E-03  0.00000E+00  0.00000E+00  0.00000E+00
 510.0  0.00000E+00  0.00000E+00  0.00000E+00  0.00000E+00 -1.91250E-03  0.00000E+00  0.00000E+00  0.00000E+00
 515.0  0.00000E+00  0.00000E+00  0.00000E+00  0.00000E+00 -1.93125E-03  0.00000E+00  0.00000E+00  0.00000E+00
 520.0  0.00000E+00  0.00000E+00  0.00000E+00  0.00000E+00 -1.95000E-03  0.00000E+00  0.00000E+00  0.00000E+00
 525.0  0.00000E+00  0.00000E+00  0.00000E+00  0.00000E+00 -1.96875E-03  0.00000E+00  0.00000E+00  0.00000E+00
 530.0  0.00000E+00  0.00000E+00  0.00000E+00  0.00000E+00 -1.98750E-03  0.00000E+00  0.00000E+00  0.00000E+00
 535.0  0.00000E+00  0.00000E+00  0.00000E+00  0.00000E+00 -2.00625E-03  0.00000E+00  0.00000E+00  0.00000E+00
 540.0  0.00000E+00  0.00000E+00  0.00000E+00  0.00000E+00 -2.02500E-03  0.00000E+00  0.00000E+00  0.00000E+00
 545.0  0.00000E+00  0.00000E+00  0.00000E+00  0.00000E+00 -2.04375E-03  0.00000E+00  0.00000E+00  0.00000E+00
 550.0  0.00000E+00  0.00000E+00  0.00000E+00  0.00000E+00 -2.06250E-03  0.00000E+00  0.00000E+00  0.00000E+00
 555.0  0.00000E+00  0.00000E+00  0.00000E+00  0.00000E+00 -2.08125E-03  0.00000E+00  0.00000E+00  0.00000E+00
 560.0  0.00000E+00  0.00000E+00  0.00000E+00  0.00000E+00 -2.10000E-03  0.00000E+00  0.00000E+00  0.00000E+00
 565.0  0.00000E+00  0.00000E+00  0.00000E+00  0.00000E+00 -2.11875E-03  0.00000E+00  0.00000E+00  0.00000E+00
 570.0  0.00000E+00  0.00000E+00  0.00000E+00  0.00000E+00 -2.13750E-03  0.00000E+00  0.00000E+00  0.00000E+00
 575.0  0.00000E+00  0.00000E+00  0.00000E+00  0.00000E+00 -2.15625E-03  0.00000E+00  0.00000E+00  0.00000E+00
 580.0  0.00000E+00  0.00000E+00  0.00000E+00  0.00000E+00 -2.17500E-03  0.00000E+00  0.00000E+00  0.00000E+00
 585.0  0.00000E+00  0.00000E+00  0.00000E+00  0.00000E+00 -2.19375E-03  0.00000E+00  0.00000E+00  0.00000E+00
 590.0  0.00000E+00  0.00000E+00  0.00000E+00  0.00000E+00 -2.21250E-03  0.00000E+00  0.00000E+00  0.00000E+00
 595.0  0.00000E+00  0.00000E+00  0.00000E+00  0.00000E+00 -2.23125E-03  0.00000E+00  0.00000E+00  0.00000E+00
 600.0  0.00000E+00  0.00000E+00  0.00000E+00  0.00000E+00 -2.25000E-03  0.00000E+00  0.00000E+00  0.00000E+00
 605.0  0.00000E+00  0.00000E+00  0.00000E+00  0.00000E+00 -2.26875E-03  0.00000E+00  0.00000E+00  0.00000E+00
 610.0  0.00000E+00  0.00000E+00  0.00000E+00  0.00000E+00 -2.28750E-03  0.00000E+00  0.00000E+00  0.00000E+00
 615.0  0.00000E+00  0.00000E+00  0.00000E+00  0.00000E+00 -2.30625E-03  0.00000E+00  0.00000E+00  0.00000E+00
 620.0  0.00000E+00  0.00000E+00  0.00000E+00  0.00000E+00 -2.32500E-03  0.00000E+00  0.00000E+00  0.00000E+00
 625.0  0.00000E+00  0.00000E+00  0.00000E+00  0.00000E+00 -2.34375E-03  0.00000E+00  0.00000E+00  0.00000E+00
 630.0  0.00000E+00  0.00000E+00  0.00000E+00  0.00000E+00 -2.36250E-03  0.00000E+00  0.00000E+00  0.00000E+00
 635.0  0.00000E+00  0.00000E+00  0.00000E+00  0.00000E+00 -2.38125E-03  0.00000E+00  0.00000E+00  0.00000E+00
 640.0  0.00000E+00  0.00000E+00  0.00000E+00  0.00000E+00 -2.40000E-03  0.00000E+00  0.00000E+00  0.00000E+00
 645.0  0.00000E+00  0.00000E+00  0.00000E+00  0.00000E+00 -2.41875E-03  0.00000E+00  0.00000E+00  0.00000E+00
 650.0  0.00000E+00  0.00000E+00  0.00000E+00  0.00000E+00 -2.43750E-03  0.00000E+00  0.00000E+00  0.00000E+00
 655.0  0.00000E+00  0.00000E+00  0.00000E+00  0.00000E+00 -2.45625E-03  0.00000E+00  0.00000E+00  0.00000E+00
 660.0  0.00000E+00  0.00000E+00  0.00000E+00  0.00000E+00 -2.47500E-03  0.00000E+00  0.00000E+00  0.00000E+00
 665.0  0.00000E+00  0.00000E+00  0.00000E+00  0.00000E+00 -2.49375E-03  0.00000E+00  0.00000E+00  0.00000E+00
 670.0  0.00000E+00  0.00000E+00  0.00000E+00  0.00000E+00 -2.51250E-03  0.00000E+00  0.00000E+00  0.00000E+00
 675.0  0.00000E+00  0.00000E+00  0.00000E+00  0.00000E+00 -2.53125E-03  0.00000E+00  0.00000E+00  0.00000E+00
 680.0  0.00000E+00  0.00000E+00  0.00000E+00  0.00000E+00 -2.55000E-03  0.00000E+00  0.00000E+00  0.00000E+00
 685.0  0.00000E+00  0.00000E+00  0.00000E+00  0.00000E+00 -2.56875E-03  0.00000E+00  0.00000E+00  0.00000E+00
 690.0  0.00000E+00  0.00000E+00  0.00000E+00  0.00000E+00 -2.58750E-03  0.00000E+00  0.00000E+00  0.00000E+00
 695.0  0.00000E+00  0.00000E+00  0.00000E+00  0.00000E+00 -2.60625E-03  0.00000E+00  0.00000E+00  0.00000E+00
 700.0  0.00000E+00  0.00000E+00  0.00000E+00  0.00000E+00 -2.62500E-03  0.00000E+00  0.00000E+00  0.00000E+00
 705.0  0.00000E+00  0.00000E+00  0.00000E+00  0.00000E+00 -2.64375E-03  0.00000E+00  0.00000E+00  0.00000E+00
 710.0  0.00000E+00  0.00000E+00  0.00000E+00  0.00000E+00 -2.66250E-03  0.00000E+00  0.00000E+00  0.00000E+00
 715.0  0.00000E+00  0.00000E+00  0.00000E+00  0.00000E+00 -2.68125E-03  0.00000E+00  0.00000E+00  0.00000E+00
 720.0  0.00000E+00  0.00000E+00  0.00000E+00  0.00000E+00 -2.70000E-03  0.00000E+00  0.00000E+00  0.00000E+00
 725.0  0.00000E+00  0.00000E+00  0.00000E+00  0.00000E+00 -2.71875E-03  0.00000E+00  0.00000E+00  0.00000E+00
 730.0  0.00000E+00  0.00000E+00  0.00000E+00  0.00000E+00 -2.73750E-03  0.00000E+00  0.00000E+00  0.00000E+00
 735.0  0.00000E+00  0.00000E+00  0.00000E+00  0.00000E+00 -2.75625E-03  0.00000E+00  0.00000E+00  0.00000E+00
 740.0  0.00000E+00  0.00000E+00  0.00000E+00  0.00000E+00 -2.77500E-03  0.00000E+00  0.00000E+00  0.00000E+00
 745.0  0.00000E+00  0.00000E+00  0.00000E+00  0.00000E+00 -2.79375E-03  0.00000E+00  0.00000E+00  0.00000E+00
 750.0  0.00000E+00  0.00000E+00  0.00000E+00  0.00000E+00 -2.81250E-03  0.00000E+00  0.00000E+00  0.00000E+00
 755.0  0.00000E+00  0.00000E+00  0.00000E+00  0.00000E+00 -2.83125E-03  0.00000E+00  0.00000E+00  0.00000E+00
 760.0  0.00000E+00  0.00000E+00  0.00000E+00  0.00000E+00 -2.85000E-03  0.00000E+00  0.00000E+00  0.00000E+00
 765.0  0.00000E+00  0.00000E+00  0.00000E+00  0.00000E+00 -2.86875E-03  0.00000E+00  0.00000E+00  0.00000E+00
 770.0  0.00000E+00  0.00000E+00  0.00000E+00  0.00000E+00 -2.88750E-03  0.00000E+00  0.00000E+00  0.00000E+00
 775.0  0.00000E+00  0.00000E+00  0.00000E+00  0.00000E+00 -2.90625E-03  0.00000E+00  0.00000E+00  0.00000E+00
 780.0  0.00000E+00  0.00000E+00  0.00000E+00  0.00000E+00 -2.92500E-03  0.00000E+00  0.00000E+00  0.00000E+00
 785.0  0.00000E+00  0.00000E+00  0.00000E+00  0.00000E+00 -2.94375E-03  0.00000E+00  0.00000E+00  0.00000E+00
 790.0  0.00000E+00  0.00000E+00  0.00000E+00  0.00000E+00 -2.96250E-03  0.00000E+00  0.00000E+00  0.00000E+00
 795.0  0.00000E+00  0.00000E+00  0.00000E+00  0.00000E+00 -2.98125E-03  0.00000E+00  0.00000E+00  0.00000E+00
 800.0  0.00000E+00  0.00000E+00  0.00000E+00  0.00000E+00 -3.00000E-03  0.00000E+00  0.00000E+00  0.00000E+00
 805.0  0.00000E+00  0.00000E+00  0.00000E+00  0.00000E+00 -3.01875E-03  0.00000E+00  0.00000E+00  0.00000E+00
 810.0  0.00000E+00  0.00000E+00  0.00000E+00  0.00000E+00 -3.03750E-03  0.00000E+00  0.00000E+00  0.00000E+00
 815.0  0.00000E+00  0.00000E+00  0.00000E+00  0.00000E+00 -3.05625E-03  0.00000E+00  0.00000E+00  0.00000E+00
 820.0  0.00000E+00  0.00000E+00  0.00000E+00  0.00000E+00 -3.07500E-03  0.00000E+00  0.00000E+00  0.00000E+00
 825.0  0.00000E+00  0.00000E+00  0.00000E+00  0.00000E+00 -3.09375E-03  0.00000E+00  0.00000E+00  0.00000E+00
 830.0  0.00000E+00  0.00000E+00  0.00000E+00  0.00000E+00 -3.11250E-03  0.00000E+00  0.00000E+00  0.00000E+00
 835.0  0.00000E+00  0.00000E+00  0.00000E+00  0.00000E+00 -3.13125E-03  0.00000E+00  0.00000E+00  0.00000E+00
 840.0  0.00000E+00  0.00000E+00  0.00000E+00  0.00000E+00 -3.15000E-03  0.00000E+00  0.00000E+00  0.00000E+00
 845.0  0.00000E+00  0.00000E+00  0.00000E+00  0.00000E+00 -3.16875E-03  0.00000E+00  0.00000E+00  0.00000E+00
 850.0  0.00000E+00  0.00000E+00  0.00000E+00  0.00000E+00 -3.18750E-03  0.00000E+00  0.00000E+00  0.00000E+00
 855.0  0.00000E+00  0.00000E+00  0.00000E+00  0.00000E+00 -3.20625E-03  0.00000E+00  0.00000E+00  0.00000E+00
 860.0  0.00000E+00  0.00000E+00  0.00000E+00  0.00000E+00 -3.22500E-03  0.00000E+00  0.00000E+00  0.00000E+00
 865.0  0.00000E+00  0.00000E+00  0.00000E+00  0.00000E+00 -3.24375E-03  0.00000E+00  0.00000E+00  0.00000E+00
 870.0  0.00000E+00  0.00000E+00  0.00000E+00  0.00000E+00 -3.26250E-03  0.00000E+00  0.00000E+00  0.00000E+00
 875.0  0.00000E+00  0.00000E+00  0.00000E+00  0.00000E+00 -3.28125E-03  0.00000E+00  0.00000E+00  0.00000E+00
 880.0  0.00000E+00  0.00000E+00  0.00000E+00  0.00000E+00 -3.30000E-03  0.00000E+00  0.00000E+00  0.00000E+00
 885.0  0.00000E+00  0.00000E+00  0.00000E+00  0.00000E+00 -3.31875E-03  0.00000E+00  0.00000E+00  0.00000E+00
 890.0  0.00000E+00  0.00000E+00  0.00000E+00  0.00000E+00 -3.33750E-03  0.00000E+00  0.00000E+00  0.00000E+00
 895.0  0.00000E+00  0.00000E+00  0.00000E+00  0.00000E+00 -3.35625E-03  0.00000E+00  0.00000E+00  0.00000E+00
 900.0  0.00000E+00  0.00000E+00  0.00000E+00  0.00000E+00 -3.37500E-03  0.00000E+00  0.00000E+00  0.00000E+00
 905.0  0.00000E+00  0.00000E+00  0.00000E+00  0.00000E+00 -3.39375E-03  0.00000E+00  0.00000E+00  0.00000E+00
 910.0  0.00000E+00  0.00000E+00  0.00000E+00  0.00000E+00 -3.41250E-03  0.00000E+00  0.00000E+00  0.00000E+00
 915.0  0.00000E+00  0.00000E+00  0.00000E+00  0.00000E+00 -3.43125E-03  0.00000E+00  0.00000E+00  0.00000E+00
 920.0  0.00000E+00  0.00000E+00  0.00000E+00  0.00000E+00 -3.45000E-03  0.00000E+00  0.00000E+00  0.00000E+00
 925.0  0.00000E+00  0.00000E+00  0.00000E+00  0.00000E+00 -3.46875E-03  0.00000E+00  0.00000E+00  0.00000E+00
 930.0  0.00000E+00  0.00000E+00  0.00000E+00  0.00000E+00 -3.48750E-03  0.00000E+00  0.00000E+00  0.00000E+00
 935.0  0.00000E+00  0.00000E+00  0.00000E+00  0.00000E+00 -3.50625E-03  0.00000E+00  0.00000E+00  0.00000E+00
 940.0  0.00000E+00  0.00000E+00  0.00000E+00  0.00000E+00 -3.52500E-03  0.00000E+00  0.00000E+00  0.00000E+00
 945.0  0.00000E+00  0.00000E+00  0.00000E+00  0.00000E+00 -3.54375E-03  0.00000E+00  0.00000E+00  0.00000E+00
 950.0  0.00000E+00  0.00000E+00  0.00000E+00  0.00000E+00 -3.56250E-03  0.00000E+00  0.00000E+00  0.00000E+00
 955.0  0.00000E+00  0.00000E+00  0.00000E+00  0.00000E+00 -3.58125E-03  0.00000E+00  0.00000E+00  0.00000E+00
 960.0  0.00000E+00  0.00000E+00  0.00000E+00  0.00000E+00 -3.60000E-03  0.00000E+00  0.00000E+00  0.00000E+00
 965.0  0.00000E+00  0.00000E+00  0.00000E+00  0.00000E+00 -3.61875E-03  0.00000E+00  0.00000E+00  0.00000E+00
 970.0  0.00000E+00  0.00000E+00  0.00000E+00  0.00000E+00 -3.63750E-03  0.00000E+00  0.00000E+00  0.00000E+00
 975.0  0.00000E+00  0.00000E+00  0.00000E+00  0.00000E+00 -3.65625E-03  0.00000E+00  0.00000E+00  0.00000E+00
 980.0  0.00000E+00  0.00000E+00  0.00000E+00  0.00000E+00 -3.67500E-03  0.00000E+00  0.00000E+00  0.00000E+00
 985.0  0.00000E+00  0.00000E+00  0.00000E+00  0.00000E+00 -3.69375E-03  0.00000E+00  0.00000E+00  0.00000E+00
 990.0  0.00000E+00  0.00000E+00  0.00000E+00  0.00000E+00 -3.71250E-03  0.00000E+00  0.00000E+00  0.00000E+00
 995.0  0.00000E+00  0.00000E+00  0.00000E+00  0.00000E+00 -3.73125E-03  0.00000E+00  0.00000E+00  0.00000E+00
1000.0  0.00000E+00  0.00000E+00  0.00000E+00  0.00000E+00 -3.75000E-03  0.00000E+00  0.00000E+00  0.00000E+00
1005.0  0.00000E+00  0.00000E+00  0.00000E+00  0.00000E+00 -3.76875E-03  0.00000E+00  0.00000E+00  0.00000E+00
1010.0  0.00000E+00  0.00000E+00  0.00000E+00  0.00000E+00 -3.78750E-03  0.00000E+00  0.00000E+00  0.00000E+00
1015.0  0.00000E+00  0.00000E+00  0.00000E+00  0.00000E+00 -3.80625E-03  0.00000E+00  0.00000E+00  0.00000E+00
1020.0  0.00000E+00  0.00000E+00  0.00000E+00  0.00000E+00 -3.82500E-03  0.00000E+00  0.00000E+00  0.00000E+00
1025.0  0.00000E+00  0.00000E+00  0.00000E+00  0.00000E+00 -3.84375E-03  0.00000E+00  0.00000E+00  0.00000E+00
1030.0  0.00000E+00  0.00000E+00  0.00000E+00  0.00000E+00 -3.86250E-03  0.00000E+00  0.00000E+00  0.00000E+00
1035.0  0.00000E+00  0.00000E+00  0.00000E+00  0.00000E+00 -3.88125E-03  0.00000E+00  0.00000E+00  0.00000E+00
1040.0  0.00000E+00  0.00000E+00  0.00000E+00  0.00000E+00 -3.90000E-03  0.00000E+00  0.00000E+00  0.00000E+00
1045.0  0.00000E+00  0.00000E+00  0.00000E+00  0.00000E+00 -3.91875E-03  0.00000E+00  0.00000E+00  0.00000E+00
1050.0  0.00000E+00  0.00000E+00  0.00000E+00  0.00000E+00 -3.93750E-03  0.00000E+00  0.00000E+00  0.00000E+00
1055.0  0.00000E+00  0.00000E+00  0.00000E+00  0.00000E+00 -3.95625E-03  0.00000E+00  0.00000E+00  0.00000E+00
1060.0  0.00000E+00  0.00000E+00  0.00000E+00  0.00000E+00 -3.97500E-03  0.00000E+00  0.00000E+00  0.00000E+00
1065.0  0.00000E+00  0.00000E+00  0.00000E+00  0.00000E+00 -3.99375E-03  0.00000E+00  0.00000E+00  0.00000E+00
1070.0  0.00000E+00  0.00000E+00  0.00000E+00  0.00000E+00 -4.01250E-03  0.00000E+00  0.00000E+00  0.00000E+00
1075.0  0.00000E+00  0.00000E+00  0.00000E+00  0.00000E+00 -4.03125E-03  0.00000E+00  0.00000E+00  0.00000E+00
1080.0  0.00000E+00  0.00000E+00  0.00000E+00  0.00000E+00 -4.05000E-03  0.00000E+00  0.00000E+00  0.00000E+00
1085.0  0.00000E+00  0.00000E+00  0.00000E+00  0.00000E+00 -4.06875E-03  0.00000E+00  0.00000E+00  0.00000E+00
1090.0  0.00000E+00  0.00000E+00  0.00000E+00  0.00000E+00 -4.08750E-03  0.00000E+00  0.00000E+00  0.00000E+00
1095.0  0.00000E+00  0.00000E+00  0.00000E+00  0.00000E+00 -4.10625E-03  0.00000E+00  0.00000E+00  0.00000E+00
1100.0  0.00000E+00  0.00000E+00  0.00000E+00  0.00000E+00 -4.12500E-03  0.00000E+00  0.00000E+00  0.00000E+00
1105.0  0.00000E+00  0.00000E+00  0.00000E+00  0.00000E+00 -4.14375E-03  0.00000E+00  0.00000E+00  0.00000E+00
1110.0  0.00000E+00  0.00000E+00  0.00000E+00  0.00000E+00 -4.16250E-03  0.00000E+00  0.00000E+00  0.00000E+00
1115.0  0.00000E+00  0.00000E+00  0.00000E+00  0.00000E+00 -4.18125E-03  0.00000E+00  0.00000E+00  0.00000E+00
1120.0  0.00000E+00  0.00000E+00  0.00000E+00  0.00000E+00 -4.20000E-03  0.00000E+00  0.00000E+00  0.00000E+00
1125.0  0.00000E+00  0.00000E+00  0.00000E+00  0.00000E+00 -4.21875E-03  0.00000E+00  0.00000E+00  0.00000E+00
1130.0  0.00000E+00  0.00000E+00  0.00000E+00  0.00000E+00 -4.23750E-03  0.00000E+00  0.00000E+00  0.00000E+00
1135.0  0.00000E+00  0.00000E+00  0.00000E+00  0.00000E+00 -4.25625E-03  0.00000E+00  0.00000E+00  0.00000E+00
1140.0  0.00000E+00  0.00000E+00  0.00000E+00  0.00000E+00 -4.27500E-03  0.00000E+00  0.00000E+00  0.00000E+00
1145.0  0.00000E+00  0.00000E+00  0.00000E+00  0.00000E+00 -4.29375E-03  0.00000E+00  0.00000E+00  0.00000E+00
1150.0  0.00000E+00  0.00000E+00  0.00000E+00  0.00000E+00 -4.31250E-03  0.00000E+00  0.00000E+00  0.00000E+00
1155.0  0.00000E+00  0.00000E+00  0.00000E+00  0.00000E+00 -4.33125E-03  0.00000E+00  0.00000E+00  0.00000E+00
1160.0  0.00000E+00  0.00000E+00  0.00000E+00  0.00000E+00 -4.35000E-03  0.00000E+00  0.00000E+00  0.00000E+00
1165.0  0.00000E+00  0.00000E+00  0.00000E+00  0.00000E+00 -4.36875E-03  0.00000E+00  0.00000E+00  0.00000E+00
1170.0  0.00000E+00  0.00000E+00  0.00000E+00  0.00000E+00 -4.38750E-03  0.00000E+00  0.00000E+00  0.00000E+00
1175.0  0.00000E+00  0.00000E+00  0.00000E+00  0.00000E+00 -4.40625E-03  0.00000E+00  0.00000E+00  0.00000E+00
1180.0  0.00000E+00  0.00000E+00  0.00000E+00  0.00000E+00 -4.42500E-03  0.00000E+00  0.00000E+00  0.00000E+00
1185.0  0.00000E+00  0.00000E+00  0.00000E+00  0.00000E+00 -4.44375E-03  0.00000E+00  0.00000E+00  0.00000E+00
1190.0  0.00000E+00  0.00000E+00  0.00000E+00  0.00000E+00 -4.46250E-03  0.00000E+00  0.00000E+00  0.00000E+00
1195.0  0.00000E+00  0.00000E+00  0.00000E+00  0.00000E+00 -4.48125E-03  0.00000E+00  0.00000E+00  0.00000E+00
1200.0  0.00000E+00  0.00000E+00  0.00000E+00  0.00000E+00 -4.50000E-03  0.00000E+00  0.00000E+00  0.00000E+00
1205.0  0.00000E+00  0.00000E+00  0.00000E+00  0.00000E+00 -4.51875E-03  0.00000E+00  0.00000E+00  0.00000E+00
1210.0  0.00000E+00  0.00000E+00  0.00000E+00  0.00000E+00 -4.53750E-03  0.00000E+00  0.00000E+00  0.00000E+00
1215.0  0.00000E+00  0.00000E+00  0.00000E+00  0.00000E+00 -4.55625E-03  0.00000E+00  0.00000E+00  0.00000E+00
1220.0  0.00000E+00  0.00000E+00  0.00000E+00  0.00000E+00 -4.57500E-03  0.00000E+00  0.00000E+00  0.00000E+00
1225.0  0.00000E+00  0.00000E+00  0.00000E+00  0.00000E+00 -4.59375E-03  0.00000E+00  0.00000E+00  0.00000E+00
1230.0  0.00000E+00  0.00000E+00  0.00000E+00  0.00000E+00 -4.61250E-03  0.00000E+00  0.00000E+00  0.00000E+00
1235.0  0.00000E+00  0.00000E+00  0.00000E+00  0.00000E+00 -4.63125E-03  0.00000E+00  0.00000E+00  0.00000E+00
1240.0  0.00000E+00  0.00000E+00  0.00000E+00  0.00000E+00 -4.65000E-03  0.00000E+00  0.00000E+00  0.00000E+00
1245.0  0.00000E+00  0.00000E+00  0.00000E+00  0.00000E+00 -4.66875E-03  0.00000E+00  0.00000E+00  0.00000E+00
1250.0  0.00000E+00  0.00000E+00  0.00000E+00  0.00000E+00 -4.68750E-03  0.00000E+00  0.00000E+00  0.00000E+00
1255.0  0.00000E+00  0.00000E+00  0.00000E+00  0.00000E+00 -4.70625E-03  0.00000E+00  0.00000E+00  0.00000E+00
1260.0  0.00000E+00  0.00000E+00  0.00000E+00  0.00000E+00 -4.72500E-03  0.00000E+00  0.00000E+00  0.00000E+00
1265.0  0.00000E+00  0.00000E+00  0.00000E+00  0.00000E+00 -4.74375E-03  0.00000E+00  0.00000E+00  0.00000E+00
1270.0  0.00000E+00  0.00000E+00  0.00000E+00  0.00000E+00 -4.76250E-03  0.00000E+00  0.00000E+00  0.00000E+00
1275.0  0.00000E+00  0.00000E+00  0.00000E+00  0.00000E+00 -4.78125E-03  0.00000E+00  0.00000E+00  0.00000E+00
1280.0  0.00000E+00  0.00000E+00  0.00000E+00  0.00000E+00 -4.80000E-03  0.00000E+00  0.00000E+00  0.00000E+00
1285.0  0.00000E+00  0.00000E+00  0.00000E+00  0.00000E+00 -4.81875E-03  0.00000E+00  0.00000E+00  0.00000E+00
1290.0  0.00000E+00  0.00000E+00  0.00000E+00  0.00000E+00 -4.83750E-03  0.00000E+00  0.00000E+00  0.00000E+00
1295.0  0.00000E+00  0.00000E+00  0.00000E+00  0.00000E+00 -4.85625E-03  0.00000E+00  0.00000E+00  0.00000E+00
1300.0  0.00000E+00  0.00000E+00  0.00000E+00  0.00000E+00 -4.87500E-03  0.00000E+00  0.00000E+00  0.00000E+00
1305.0  0.00000E+00  0.00000E+00  0.00000E+00  0.00000E+00 -4.89375E-03  0.00000E+00  0.00000E+00  0.00000E+00
1310.0  0.00000E+00  0.00000E+00  0.00000E+00  0.00000E+00 -4.91250E-03  0.00000E+00  0.00000E+00  0.00000E+00
1315.0  0.00000E+00  0.00000E+00  0.00000E+00  0.00000E+00 -4.93125E-03  0.00000E+00  0.00000E+00  0.00000E+00
1320.0  0.00000E+00  0.00000E+00  0.00000E+00  0.00000E+00 -4.95000E-03  0.00000E+00  0.00000E+00  0.00000E+00
1325.0  0.00000E+00  0.00000E+00  0.00000E+00  0.00000E+00 -4.96875E-03  0.00000E+00  0.00000E+00  0.00000E+00
1330.0  0.00000E+00  0.00000E+00  0.00000E+00  0.00000E+00 -4.98750E-03  0.00000E+00  0.00000E+00  0.00000E+00
1335.0  0.00000E+00  0.00000E+00  0.00000E+00  0.00000E+00 -5.00625E-03  0.00000E+00  0.00000E+00  0.00000E+00
1340.0  0.00000E+00  0.00000E+00  0.00000E+00  0.00000E+00 -5.02500E-03  0.00000E+00  0.00000E+00  0.00000E+00
1345.0  0.00000E+00  0.00000E+00  0.00000E+00  0.00000E+00 -5.04375E-03  0.00000E+00  0.00000E+00  0.00000E+00
1350.0  0.00000E+00  0.00000E+00  0.00000E+00  0.00000E+00 -5.06250E-03  0.00000E+00  0.00000E+00  0.00000E+00
1355.0  0.00000E+00  0.00000E+00  0.00000E+00  0.00000E+00 -5.08125E-03  0.00000E+00  0.00000E+00  0.00000E+00
1360.0  0.00000E+00  0.00000E+00  0.00000E+00  0.00000E+00 -5.10000E-03  0.00000E+00  0.00000E+00  0.00000E+00
1365.0  0.00000E+00  0.00000E+00  0.00000E+00  0.00000E+00 -5.11875E-03  0.00000E+00  0.00000E+00  0.00000E+00
1370.0  0.00000E+00  0.00000E+00  0.00000E+00  0.00000E+00 -5.13750E-03  0.00000E+00  0.00000E+00  0.00000E+00
1375.0  0.00000E+00  0.00000E+00  0.00000E+00  0.00000E+00 -5.15625E-03  0.00000E+00  0.00000E+00  0.00000E+00
1380.0  0.00000E+00  0.00000E+00  0.00000E+00  0.00000E+00 -5.17500E-03  0.00000E+00  0.00000E+00  0.00000E+00
1385.0  0.00000E+00  0.00000E+00  0.00000E+00  0.00000E+00 -5.19375E-03  0.00000E+00  0.00000E+00  0.00000E+00
1390.0  0.00000E+00  0.00000E+00  0.00000E+00  0.00000E+00 -5.21250E-03  0.00000E+00  0.00000E+00  0.00000E+00
1395.0  0.00000E+00  0.00000E+00  0.00000E+00  0.00000E+00 -5.23125E-03  0.00000E+00  0.00000E+00  0.00000E+00
1400.0  0.00000E+00  0.00000E+00  0.00000E+00  0.00000E+00 -5.25000E-03  0.00000E+00  0.00000E+00  0.00000E+00
1405.0  0.00000E+00  0.00000E+00  0.00000E+00  0.00000E+00 -5.26875E-03  0.00000E+00  0.00000E+00  0.00000E+00
1410.0  0.00000E+00  0.00000E+00  0.00000E+00  0.00000E+00 -5.28750E-03  0.00000E+00  0.00000E+00  0.00000E+00
1415.0  0.00000E+00  0.00000E+00  0.00000E+00  0.00000E+00 -5.30625E-03  0.00000E+00  0.00000E+00  0.00000E+00
1420.0  0.00000E+00  0.00000E+00  0.00000E+00  0.00000E+00 -5.32500E-03  0.00000E+00  0.00000E+00  0.00000E+00
1425.0  0.00000E+00  0.00000E+00  0.00000E+00  0.00000E+00 -5.34375E-03  0.00000E+00  0.00000E+00  0.00000E+00
1430.0  0.00000E+00  0.00000E+00  0.00000E+00  0.00000E+00 -5.36250E-03  0.00000E+00  0.00000E+00  0.00000E+00
1435.0  0.00000E+00  0.00000E+00  0.00000E+00  0.00000E+00 -5.38125E-03  0.00000E+00  0.00000E+00  0.00000E+00
1440.0  0.00000E+00  0.00000E+00  0.00000E+00  0.00000E+00 -5.40000E-03  0.00000E+00  0.00000E+00  0.00000E+00
1445.0  0.00000E+00  0.00000E+00  0.00000E+00  0.00000E+00 -5.41875E-03  0.00000E+00  0.00000E+00  0.00000E+00
1450.0  0.00000E+00  0.00000E+00  0.00000E+00  0.00000E+00 -5.43750E-03  0.00000E+00  0.00000E+00  0.00000E+00
1455.0  0.00000E+00  0.00000E+00  0.00000E+00  0.00000E+00 -5.45625E-03  0.00000E+00  0.00000E+00  0.00000E+00
1460.0  0.00000E+00  0.00000E+00  0.00000E+00  0.00000E+00 -5.47500E-03  0.00000E+00  0.00000E+00  0.00000E+00
1465.0  0.00000E+00  0.00000E+00  0.00000E+00  0.00000E+00 -5.49375E-03  0.00000E+00  0.00000E+00  0.00000E+00
1470.0  0.00000E+00  0.00000E+00  0.00000E+00  0.00000E+00 -5.51250E-03  0.00000E+00  0.00000E+00  0.00000E+00
1475.0  0.00000E+00  0.00000E+00  0.00000E+00  0.00000E+00 -5.53125E-03  0.00000E+00  0.00000E+00  0.00000E+00
1480.0  0.00000E+00  0.00000E+00  0.00000E+00  0.00000E+00 -5.55000E-03  0.00000E+00  0.00000E+00  0.00000E+00
1485.0  0.00000E+00  0.00000E+00  0.00000E+00  0.00000E+00 -5.56875E-03  0.00000E+00  0.00000E+00  0.00000E+00
1490.0  0.00000E+00  0.00000E+00  0.00000E+00  0.00000E+00 -5.58750E-03  0.00000E+00  0.00000E+00  0.00000E+00
1495.0  0.00000E+00  0.00000E+00  0.00000E+00  0.00000E+00 -5.60625E-03  0.00000E+00  0.00000E+00  0.00000E+00
1500.0  0.00000E+00  0.00000E+00  0.00000E+00  0.00000E+00 -5.62500E-03  0.00000E+00  0.00000E+00  0.00000E+00
  10.0  day
   0.0  0.00000E+00  0.00000E+00  0.00000E+00  0.00000E+00 -0.00000E+00  0.00000E+00  0.00000E+00  0.00000E+00
   5.0  0.00000E+00  0.00000E+00  0.00000E+00  0.00000E+00 -1.87500E-05  0.00000E+00  0.00000E+00  0.00000E+00
  10.0  0.00000E+00  0.00000E+00  0.00000E+00  0.00000E+00 -3.75000E-05  0.00000E+00  0.00000E+00  0.00000E+00
  15.0  0.00000E+00  0.00000E+00  0.00000E+00  0.00000E+00 -5.62500E-05  0.00000E+00  0.00000E+00  0.00000E+00
  20.0  0.00000E+00  0.00000E+00  0.00000E+00  0.00000E+00 -7.50000E-05  0.00000E+00  0.00000E+00  0.00000E+00
  25.0  0.00000E+00  0.00000E+00  0.00000E+00  0.00000E+00 -9.37500E-05  0.00000E+00  0.00000E+00  0.00000E+00
  30.0  0.00000E+00  0.00000E+00  0.00000E+00  0.00000E+00 -1.12500E-04  0.00000E+00  0.00000E+00  0.00000E+00
  35.0  0.00000E+00  0.00000E+00  0.00000E+00  0.00000E+00 -1.31250E-04  0.00000E+00  0.00000E+00  0.00000E+00
  40.0  0.00000E+00  0.00000E+00  0.00000E+00  0.00000E+00 -1.50000E-04  0.00000E+00  0.00000E+00  0.00000E+00
  45.0  0.00000E+00  0.00000E+00  0.00000E+00  0.00000E+00 -1.68750E-04  0.00000E+00  0.00000E+00  0.00000E+00
  50.0  0.00000E+00  0.00000E+00  0.00000E+00  0.00000E+00 -1.87500E-04  0.00000E+00  0.00000E+00  0.00000E+00
  55.0  0.00000E+00  0.00000E+00  0.00000E+00  0.00000E+00 -2.06250E-04  0.00000E+00  0.00000E+00  0.00000E+00
  60.0  0.00000E+00  0.00000E+00  0.00000E+00  0.00000E+00 -2.25000E-04  0.00000E+00  0.00000E+00  0.00000E+00
  65.0  0.00000E+00  0.00000E+00  0.00000E+00  0.00000E+00 -2.43750E-04  0.00000E+00  0.00000E+00  0.00000E+00
  70.0  0.00000E+00  0.00000E+00  0.00000E+00  0.00000E+00 -2.62500E-04  0.00000E+00  0.00000E+00  0.00000E+00
  75.0  0.00000E+00  0.00000E+00  0.00000E+00  0.00000E+00 -2.81250E-04  0.00000E+00  0.00000E+00  0.00000E+00
  80.0  0.00000E+00  0.00000E+00  0.00000E+00  0.00000E+00 -3.00000E-04  0.00000E+00  0.00000E+00  0.00000E+00
  85.0  0.00000E+00  0.00000E+00  0.00000E+00  0.00000E+00 -3.18750E-04  0.00000E+00  0.00000E+00  0.00000E+00
  90.0  0.00000E+00  0.00000E+00  0.00000E+00  0.00000E+00 -3.37500E-04  0.00000E+00  0.00000E+00  0.00000E+00
  95.0  0.00000E+00  0.00000E+00  0.00000E+00  0.00000E+00 -3.56250E-04  0.00000E+00  0.00000E+00  0.00000E+00
 100.0  0.00000E+00  0.00000E+00  0.00000E+00  0.00000E+00 -3.75000E-04  0.00000E+00  0.00000E+00  0.00000E+00
 105.0  0.00000E+00  0.00000E+00  0.00000E+00  0.00000E+00 -3.93750E-04  0.00000E+00  0.00000E+00  0.00000E+00
 110.0  0.00000E+00  0.00000E+00  0.00000E+00  0.00000E+00 -4.12500E-04  0.00000E+00  0.00000E+00  0.00000E+00
 115.0  0.00000E+00  0.00000E+00  0.00000E+00  0.00000E+00 -4.31250E-04  0.00000E+00  0.00000E+00  0.00000E+00
 120.0  0.00000E+00  0.00000E+00  0.00000E+00  0.00000E+00 -4.50000E-04  0.00000E+00  0.00000E+00  0.00000E+00
 125.0  0.00000E+00  0.00000E+00  0.00000E+00  0.00000E+00 -4.68750E-04  0.00000E+00  0.00000E+00  0.00000E+00
 130.0  0.00000E+00  0.00000E+00  0.00000E+00  0.00000E+00 -4.87500E-04  0.00000E+00  0.00000E+00  0.00000E+00
 135.0  0.00000E+00  0.00000E+00  0.00000E+00  0.00000E+00 -5.06250E-04  0.00000E+00  0.00000E+00  0.00000E+00
 140.0  0.00000E+00  0.00000E+00  0.00000E+00  0.00000E+00 -5.25000E-04  0.00000E+00  0.00000E+00  0.00000E+00
 145.0  0.00000E+00  0.00000E+00  0.00000E+00  0.00000E+00 -5.43750E-04  0.00000E+00  0.00000E+00  0.00000E+00
 150.0  0.00000E+00  0.00000E+00  0.00000E+00  0.00000E+00 -5.62500E-04  0.00000E+00  0.00000E+00  0.00000E+00
 155.0  0.00000E+00  0.00000E+00  0.00000E+00  0.00000E+00 -5.81250E-04  0.00000E+00  0.00000E+00  0.00000E+00
 160.0  0.00000E+00  0.00000E+00  0.00000E+00  0.00000E+00 -6.00000E-04  0.00000E+00  0.00000E+00  0.00000E+00
 165.0  0.00000E+00  0.00000E+00  0.00000E+00  0.00000E+00 -6.18750E-04  0.00000E+00  0.00000E+00  0.00000E+00
 170.0  0.00000E+00  0.00000E+00  0.00000E+00  0.00000E+00 -6.37500E-04  0.00000E+00  0.00000E+00  0.00000E+00
 175.0  0.00000E+00  0.00000E+00  0.00000E+00  0.00000E+00 -6.56250E-04  0.00000E+00  0.00000E+00  0.00000E+00
 180.0  0.00000E+00  0.00000E+00  0.00000E+00  0.00000E+00 -6.75000E-04  0.00000E+00  0.00000E+00  0.00000E+00
 185.0  0.00000E+00  0.00000E+00  0.00000E+00  0.00000E+00 -6.93750E-04  0.00000E+00  0.00000E+00  0.00000E+00
 190.0  0.00000E+00  0.00000E+00  0.00000E+00  0.00000E+00 -7.12500E-04  0.00000E+00  0.00000E+00  0.00000E+00
 195.0  0.00000E+00  0.00000E+00  0.00000E+00  0.00000E+00 -7.31250E-04  0.00000E+00  0.00000E+00  0.00000E+00
 200.0  0.00000E+00  0.00000E+00  0.00000E+00  0.00000E+00 -7.50000E-04  0.00000E+00  0.00000E+00  0.00000E+00
 205.0  0.00000E+00  0.00000E+00  0.00000E+00  0.00000E+00 -7.68750E-04  0.00000E+00  0.00000E+00  0.00000E+00
 210.0  0.00000E+00  0.00000E+00  0.00000E+00  0.00000E+00 -7.87500E-04  0.00000E+00  0.00000E+00  0.00000E+00
 215.0  0.00000E+00  0.00000E+00  0.00000E+00  0.00000E+00 -8.06250E-04  0.00000E+00  0.00000E+00  0.00000E+00
 220.0  0.00000E+00  0.00000E+00  0.00000E+00  0.00000E+00 -8.25000E-04  0.00000E+00  0.00000E+00  0.00000E+00
 225.0  0.00000E+00  0.00000E+00  0.00000E+00  0.00000E+00 -8.43750E-04  0.00000E+00  0.00000E+00  0.00000E+00
 230.0  0.00000E+00  0.00000E+00  0.00000E+00  0.00000E+00 -8.62500E-04  0.00000E+00  0.00000E+00  0.00000E+00
 235.0  0.00000E+00  0.00000E+00  0.00000E+00  0.00000E+00 -8.81250E-04  0.00000E+00  0.00000E+00  0.00000E+00
 240.0  0.00000E+00  0.00000E+00  0.00000E+00  0.00000E+00 -9.00000E-04  0.00000E+00  0.00000E+00  0.00000E+00
 245.0  0.00000E+00  0.00000E+00  0.00000E+00  0.00000E+00 -9.18750E-04  0.00000E+00  0.00000E+00  0.00000E+00
 250.0  0.00000E+00  0.00000E+00  0.00000E+00  0.00000E+00 -9.37500E-04  0.00000E+00  0.00000E+00  0.00000E+00
 255.0  0.00000E+00  0.00000E+00  0.00000E+00  0.00000E+00 -9.56250E-04  0.00000E+00  0.00000E+00  0.00000E+00
 260.0  0.00000E+00  0.00000E+00  0.00000E+00  0.00000E+00 -9.75000E-04  0.00000E+00  0.00000E+00  0.00000E+00
 265.0  0.00000E+00  0.00000E+00  0.00000E+00  0.00000E+00 -9.93750E-04  0.00000E+00  0.00000E+00  0.00000E+00
 270.0  0.00000E+00  0.00000E+00  0.00000E+00  0.00000E+00 -1.01250E-03  0.00000E+00  0.00000E+00  0.00000E+00
 275.0  0.00000E+00  0.00000E+00  0.00000E+00  0.00000E+00 -1.03125E-03  0.00000E+00  0.00000E+00  0.00000E+00
 280.0  0.00000E+00  0.00000E+00  0.00000E+00  0.00000E+00 -1.05000E-03  0.00000E+00  0.00000E+00  0.00000E+00
 285.0  0.00000E+00  0.00000E+00  0.00000E+00  0.00000E+00 -1.06875E-03  0.00000E+00  0.00000E+00  0.00000E+00
 290.0  0.00000E+00  0.00000E+00  0.00000E+00  0.00000E+00 -1.08750E-03  0.00000E+00  0.00000E+00  0.00000E+00
 295.0  0.00000E+00  0.00000E+00  0.00000E+00  0.00000E+00 -1.10625E-03  0.00000E+00  0.00000E+00  0.00000E+00
 300.0  0.00000E+00  0.00000E+00  0.00000E+00  0.00000E+00 -1.12500E-03  0.00000E+00  0.00000E+00  0.00000E+00
 305.0  0.00000E+00  0.00000E+00  0.00000E+00  0.00000E+00 -1.14375E-03  0.00000E+00  0.00000E+00  0.00000E+00
 310.0  0.00000E+00  0.00000E+00  0.00000E+00  0.00000E+00 -1.16250E-03  0.00000E+00  0.00000E+00  0.00000E+00
 315.0  0.00000E+00  0.00000E+00  0.00000E+00  0.00000E+00 -1.18125E-03  0.00000E+00  0.00000E+00  0.00000E+00
 320.0  0.00000E+00  0.00000E+00  0.00000E+00  0.00000E+00 -1.20000E-03  0.00000E+00  0.00000E+00  0.00000E+00
 325.0  0.00000E+00  0.00000E+00  0.00000E+00  0.00000E+00 -1.21875E-03  0.00000E+00  0.00000E+00  0.00000E+00
 330.0  0.00000E+00  0.00000E+00  0.00000E+00  0.00000E+00 -1.23750E-03  0.00000E+00  0.00000E+00  0.00000E+00
 335.0  0.00000E+00  0.00000E+00  0.00000E+00  0.00000E+00 -1.25625E-03  0.00000E+00  0.00000E+00  0.00000E+00
 340.0  0.00000E+00  0.00000E+00  0.00000E+00  0.00000E+00 -1.27500E-03  0.00000E+00  0.00000E+00  0.00000E+00
 345.0  0.00000E+00  0.00000E+00  0.00000E+00  0.00000E+00 -1.29375E-03  0.00000E+00  0.00000E+00  0.00000E+00
 350.0  0.00000E+00  0.00000E+00  0.00000E+00  0.00000E+00 -1.31250E-03  0.00000E+00  0.00000E+00  0.00000E+00
 355.0  0.00000E+00  0.00000E+00  0.00000E+00  0.00000E+00 -1.33125E-03  0.00000E+00  0.00000E+00  0.00000E+00
 360.0  0.00000E+00  0.00000E+00  0.00000E+00  0.00000E+00 -1.35000E-03  0.00000E+00  0.00000E+00  0.00000E+00
 365.0  0.00000E+00  0.00000E+00  0.00000E+00  0.00000E+00 -1.36875E-03  0.00000E+00  0.00000E+00  0.00000E+00
 370.0  0.00000E+00  0.00000E+00  0.00000E+00  0.00000E+00 -1.38750E-03  0.00000E+00  0.00000E+00  0.00000E+00
 375.0  0.00000E+00  0.00000E+00  0.00000E+00  0.00000E+00 -1.40625E-03  0.00000E+00  0.00000E+00  0.00000E+00
 380.0  0.00000E+00  0.00000E+00  0.00000E+00  0.00000E+00 -1.42500E-03  0.00000E+00  0.00000E+00  0.00000E+00
 385.0  0.00000E+00  0.00000E+00  0.00000E+00  0.00000E+00 -1.44375E-03  0.00000E+00  0.00000E+00  0.00000E+00
 390.0  0.00000E+00  0.00000E+00  0.00000E+00  0.00000E+00 -1.46250E-03  0.00000E+00  0.00000E+00  0.00000E+00
 395.0  0.00000E+00  0.00000E+00  0.00000E+00  0.00000E+00 -1.48125E-03  0.00000E+00  0.00000E+00  0.00000E+00
 400.0  0.00000E+00  0.00000E+00  0.00000E+00  0.00000E+00 -1.50000E-03  0.00000E+00  0.00000E+00  0.00000E+00
 405.0  0.00000E+00  0.00000E+00  0.00000E+00  0.00000E+00 -1.51875E-03  0.00000E+00  0.00000E+00  0.00000E+00
 410.0  0.00000E+00  0.00000E+00  0.00000E+00  0.00000E+00 -1.53750E-03  0.00000E+00  0.00000E+00  0.00000E+00
 415.0  0.00000E+00  0.00000E+00  0.00000E+00  0.00000E+00 -1.55625E-03  0.00000E+00  0.00000E+00  0.00000E+00
 420.0  0.00000E+00  0.00000E+00  0.00000E+00  0.00000E+00 -1.57500E-03  0.00000E+00  0.00000E+00  0.00000E+00
 425.0  0.00000E+00  0.00000E+00  0.00000E+00  0.00000E+00 -1.59375E-03  0.00000E+00  0.00000E+00  0.00000E+00
 430.0  0.00000E+00  0.00000E+00  0.00000E+00  0.00000E+00 -1.61250E-03  0.00000E+00  0.00000E+00  0.00000E+00
 435.0  0.00000E+00  0.00000E+00  0.00000E+00  0.00000E+00 -1.63125E-03  0.00000E+00  0.00000E+00  0.00000E+00
 440.0  0.00000E+00  0.00000E+00  0.00000E+00  0.00000E+00 -1.65000E-03  0.00000E+00  0.00000E+00  0.00000E+00
 445.0  0.00000E+00  0.00000E+00  0.00000E+00  0.00000E+00 -1.66875E-03  0.00000E+00  0.00000E+00  0.00000E+00
 450.0  0.00000E+00  0.00000E+00  0.00000E+00  0.00000E+00 -1.68750E-03  0.00000E+00  0.00000E+00  0.00000E+00
 455.0  0.00000E+00  0.00000E+00  0.00000E+00  0.00000E+00 -1.70625E-03  0.00000E+00  0.00000E+00  0.00000E+00
 460.0  0.00000E+00  0.00000E+00  0.00000E+00  0.00000E+00 -1.72500E-03  0.00000E+00  0.00000E+00  0.00000E+00
 465.0  0.00000E+00  0.00000E+00  0.00000E+00  0.00000E+00 -1.74375E-03  0.00000E+00  0.00000E+00  0.00000E+00
 470.0  0.00000E+00  0.00000E+00  0.00000E+00  0.00000E+00 -1.76250E-03  0.00000E+00  0.00000E+00  0.00000E+00
 475.0  0.00000E+00  0.00000E+00  0.00000E+00  0.00000E+00 -1.78125E-03  0.00000E+00  0.00000E+00  0.00000E+00
 480.0  0.00000E+00  0.00000E+00  0.00000E+00  0.00000E+00 -1.80000E-03  0.00000E+00  0.00000E+00  0.00000E+00
 485.0  0.00000E+00  0.00000E+00  0.00000E+00  0.00000E+00 -1.81875E-03  0.00000E+00  0.00000E+00  0.00000E+00
 490.0  0.00000E+00  0.00000E+00  0.00000E+00  0.00000E+00 -1.83750E-03  0.00000E+00  0.00000E+00  0.00000E+00
 495.0  0.00000E+00  0.00000E+00  0.00000E+00  0.00000E+00 -1.85625E-03  0.00000E+00  0.00000E+00  0.00000E+00
 500.0  0.00000E+00  0.00000E+00  0.00000E+00  0.00000E+00 -1.87500E-03  0.00000E+00  0.00000E+00  0.00000E+00
 505.0  0.00000E+00  0.00000E+00  0.00000E+00  0.00000E+00 -1.89375E-03  0.00000E+00  0.00000E+00  0.00000E+00
 510.0  0.00000E+00  0.00000E+00  0.00000E+00  0.00000E+00 -1.91250E-03  0.00000E+00  0.00000E+00  0.00000E+00
 515.0  0.00000E+00  0.00000E+00  0.00000E+00  0.00000E+00 -1.93125E-03  0.00000E+00  0.00000E+00  0.00000E+00
 520.0  0.00000E+00  0.00000E+00  0.00000E+00  0.00000E+00 -1.95000E-03  0.00000E+00  0.00000E+00  0.00000E+00
 525.0  0.00000E+00  0.00000E+00  0.00000E+00  0.00000E+00 -1.96875E-03  0.00000E+00  0.00000E+00  0.00000E+00
 530.0  0.00000E+00  0.00000E+00  0.00000E+00  0.00000E+00 -1.98750E-03  0.00000E+00  0.00000E+00  0.00000E+00
 535.0  0.00000E+00  0.00000E+00  0.00000E+00  0.00000E+00 -2.00625E-03  0.00000E+00  0.00000E+00  0.00000E+00
 540.0  0.00000E+00  0.00000E+00  0.00000E+00  0.00000E+00 -2.02500E-03  0.00000E+00  0.00000E+00  0.00000E+00
 545.0  0.00000E+00  0.00000E+00  0.00000E+00  0.00000E+00 -2.04375E-03  0.00000E+00  0.00000E+00  0.00000E+00
 550.0  0.00000E+00  0.00000E+00  0.00000E+00  0.00000E+00 -2.06250E-03  0.00000E+00  0.00000E+00  0.00000E+00
 555.0  0.00000E+00  0.00000E+00  0.00000E+00  0.00000E+00 -2.08125E-03  0.00000E+00  0.00000E+00  0.00000E+00
 560.0  0.00000E+00  0.00000E+00  0.00000E+00  0.00000E+00 -2.10000E-03  0.00000E+00  0.00000E+00  0.00000E+00
 565.0  0.00000E+00  0.00000E+00  0.00000E+00  0.00000E+00 -2.11875E-03  0.00000E+00  0.00000E+00  0.00000E+00
 570.0  0.00000E+00  0.00000E+00  0.00000E+00  0.00000E+00 -2.13750E-03  0.00000E+00  0.00000E+00  0.00000E+00
 575.0  0.00000E+00  0.00000E+00  0.00000E+00  0.00000E+00 -2.15625E-03  0.00000E+00  0.00000E+00  0.00000E+00
 580.0  0.00000E+00  0.00000E+00  0.00000E+00  0.00000E+00 -2.17500E-03  0.00000E+00  0.00000E+00  0.00000E+00
 585.0  0.00000E+00  0.00000E+00  0.00000E+00  0.00000E+00 -2.19375E-03  0.00000E+00  0.00000E+00  0.00000E+00
 590.0  0.00000E+00  0.00000E+00  0.00000E+00  0.00000E+00 -2.21250E-03  0.00000E+00  0.00000E+00  0.00000E+00
 595.0  0.00000E+00  0.00000E+00  0.00000E+00  0.00000E+00 -2.23125E-03  0.00000E+00  0.00000E+00  0.00000E+00
 600.0  0.00000E+00  0.00000E+00  0.00000E+00  0.00000E+00 -2.25000E-03  0.00000E+00  0.00000E+00  0.00000E+00
 605.0  0.00000E+00  0.00000E+00  0.00000E+00  0.00000E+00 -2.26875E-03  0.00000E+00  0.00000E+00  0.00000E+00
 610.0  0.00000E+00  0.00000E+00  0.00000E+00  0.00000E+00 -2.28750E-03  0.00000E+00  0.00000E+00  0.00000E+00
 615.0  0.00000E+00  0.00000E+00  0.00000E+00  0.00000E+00 -2.30625E-03  0.00000E+00  0.00000E+00  0.00000E+00
 620.0  0.00000E+00  0.00000E+00  0.00000E+00  0.00000E+00 -2.32500E-03  0.00000E+00  0.00000E+00  0.00000E+00
 625.0  0.00000E+00  0.00000E+00  0.00000E+00  0.00000E+00 -2.34375E-03  0.00000E+00  0.00000E+00  0.00000E+00
 630.0  0.00000E+00  0.00000E+00  0.00000E+00  0.00000E+00 -2.36250E-03  0.00000E+00  0.00000E+00  0.00000E+00
 635.0  0.00000E+00  0.00000E+00  0.00000E+00  0.00000E+00 -2.38125E-03  0.00000E+00  0.00000E+00  0.00000E+00
 640.0  0.00000E+00  0.00000E+00  0.00000E+00  0.00000E+00 -2.40000E-03  0.00000E+00  0.00000E+00  0.00000E+00
 645.0  0.00000E+00  0.00000E+00  0.00000E+00  0.00000E+00 -2.41875E-03  0.00000E+00  0.00000E+00  0.00000E+00
 650.0  0.00000E+00  0.00000E+00  0.00000E+00  0.00000E+00 -2.43750E-03  0.00000E+00  0.00000E+00  0.00000E+00
 655.0  0.00000E+00  0.00000E+00  0.00000E+00  0.00000E+00 -2.45625E-03  0.00000E+00  0.00000E+00  0.00000E+00
 660.0  0.00000E+00  0.00000E+00  0.00000E+00  0.00000E+00 -2.47500E-03  0.00000E+00  0.00000E+00  0.00000E+00
 665.0  0.00000E+00  0.00000E+00  0.00000E+00  0.00000E+00 -2.49375E-03  0.00000E+00  0.00000E+00  0.00000E+00
 670.0  0.00000E+00  0.00000E+00  0.00000E+00  0.00000E+00 -2.51250E-03  0.00000E+00  0.00000E+00  0.00000E+00
 675.0  0.00000E+00  0.00000E+00  0.00000E+00  0.00000E+00 -2.53125E-03  0.00000E+00  0.00000E+00  0.00000E+00
 680.0  0.00000E+00  0.00000E+00  0.00000E+00  0.00000E+00 -2.55000E-03  0.00000E+00  0.00000E+00  0.00000E+00
 685.0  0.00000E+00  0.00000E+00  0.00000E+00  0.00000E+00 -2.56875E-03  0.00000E+00  0.00000E+00  0.00000E+00
 690.0  0.00000E+00  0.00000E+00  0.00000E+00  0.00000E+00 -2.58750E-03  0.00000E+00  0.00000E+00  0.00000E+00
 695.0  0.00000E+00  0.00000E+00  0.00000E+00  0.00000E+00 -2.60625E-03  0.00000E+00  0.00000E+00  0.00000E+00
 700.0  0.00000E+00  0.00000E+00  0.00000E+00  0.00000E+00 -2.62500E-03  0.00000E+00  0.00000E+00  0.00000E+00
 705.0  0.00000E+00  0.00000E+00  0.00000E+00  0.00000E+00 -2.64375E-03  0.00000E+00  0.00000E+00  0.00000E+00
 710.0  0.00000E+00  0.00000E+00  0.00000E+00  0.00000E+00 -2.66250E-03  0.00000E+00  0.00000E+00  0.00000E+00
 715.0  0.00000E+00  0.00000E+00  0.00000E+00  0.00000E+00 -2.68125E-03  0.00000E+00  0.00000E+00  0.00000E+00
 720.0  0.00000E+00  0.00000E+00  0.00000E+00  0.00000E+00 -2.70000E-03  0.00000E+00  0.00000E+00  0.00000E+00
 725.0  0.00000E+00  0.00000E+00  0.00000E+00  0.00000E+00 -2.71875E-03  0.00000E+00  0.00000E+00  0.00000E+00
 730.0  0.00000E+00  0.00000E+00  0.00000E+00  0.00000E+00 -2.73750E-03  0.00000E+00  0.00000E+00  0.00000E+00
 735.0  0.00000E+00  0.00000E+00  0.00000E+00  0.00000E+00 -2.75625E-03  0.00000E+00  0.00000E+00  0.00000E+00
 740.0  0.00000E+00  0.00000E+00  0.00000E+00  0.00000E+00 -2.77500E-03  0.00000E+00  0.00000E+00  0.00000E+00
 745.0  0.00000E+00  0.00000E+00  0.00000E+00  0.00000E+00 -2.79375E-03  0.00000E+00  0.00000E+00  0.00000E+00
 750.0  0.00000E+00  0.00000E+00  0.00000E+00  0.00000E+00 -2.81250E-03  0.00000E+00  0.00000E+00  0.00000E+00
 755.0  0.00000E+00  0.00000E+00  0.00000E+00  0.00000E+00 -2.83125E-03  0.00000E+00  0.00000E+00  0.00000E+00
 760.0  0.00000E+00  0.00000E+00  0.00000E+00  0.00000E+00 -2.85000E-03  0.00000E+00  0.00000E+00  0.00000E+00
 765.0  0.00000E+00  0.00000E+00  0.00000E+00  0.00000E+00 -2.86875E-03  0.00000E+00  0.00000E+00  0.00000E+00
 770.0  0.00000E+00  0.00000E+00  0.00000E+00  0.00000E+00 -2.88750E-03  0.00000E+00  0.00000E+00  0.00000E+00
 775.0  0.00000E+00  0.00000E+00  0.00000E+00  0.00000E+00 -2.90625E-03  0.00000E+00  0.00000E+00  0.00000E+00
 780.0  0.00000E+00  0.00000E+00  0.00000E+00  0.00000E+00 -2.92500E-03  0.00000E+00  0.00000E+00  0.00000E+00
 785.0  0.00000E+00  0.00000E+00  0.00000E+00  0.00000E+00 -2.94375E-03  0.00000E+00  0.00000E+00  0.00000E+00
 790.0  0.00000E+00  0.00000E+00  0.00000E+00  0.00000E+00 -2.96250E-03  0.00000E+00  0.00000E+00  0.00000E+00
 795.0  0.00000E+00  0.00000E+00  0.00000E+00  0.00000E+00 -2.98125E-03  0.00000E+00  0.00000E+00  0.00000E+00
 800.0  0.00000E+00  0.00000E+00  0.00000E+00  0.00000E+00 -3.00000E-03  0.00000E+00  0.00000E+00  0.00000E+00
 805.0  0.00000E+00  0.00000E+00  0.00000E+00  0.00000E+00 -3.01875E-03  0.00000E+00  0.00000E+00  0.00000E+00
 810.0  0.00000E+00  0.00000E+00  0.00000E+00  0.00000E+00 -3.03750E-03  0.00000E+00  0.00000E+00  0.00000E+00
 815.0  0.00000E+00  0.00000E+00  0.00000E+00  0.00000E+00 -3.05625E-03  0.00000E+00  0.00000E+00  0.00000E+00
 820.0  0.00000E+00  0.00000E+00  0.00000E+00  0.00000E+00 -3.07500E-03  0.00000E+00  0.00000E+00  0.00000E+00
 825.0  0.00000E+00  0.00000E+00  0.00000E+00  0.00000E+00 -3.09375E-03  0.00000E+00  0.00000E+00  0.00000E+00
 830.0  0.00000E+00  0.00000E+00  0.00000E+00  0.00000E+00 -3.11250E-03  0.00000E+00  0.00000E+00  0.00000E+00
 835.0  0.00000E+00  0.00000E+00  0.00000E+00  0.00000E+00 -3.13125E-03  0.00000E+00  0.00000E+00  0.00000E+00
 840.0  0.00000E+00  0.00000E+00  0.00000E+00  0.00000E+00 -3.15000E-03  0.00000E+00  0.00000E+00  0.00000E+00
 845.0  0.00000E+00  0.00000E+00  0.00000E+00  0.00000E+00 -3.16875E-03  0.00000E+00  0.00000E+00  0.00000E+00
 850.0  0.00000E+00  0.00000E+00  0.00000E+00  0.00000E+00 -3.18750E-03  0.00000E+00  0.00000E+00  0.00000E+00
 855.0  0.00000E+00  0.00000E+00  0.00000E+00  0.00000E+00 -3.20625E-03  0.00000E+00  0.00000E+00  0.00000E+00
 860.0  0.00000E+00  0.00000E+00  0.00000E+00  0.00000E+00 -3.22500E-03  0.00000E+00  0.00000E+00  0.00000E+00
 865.0  0.00000E+00  0.00000E+00  0.00000E+00  0.00000E+00 -3.24375E-03  0.00000E+00  0.00000E+00  0.00000E+00
 870.0  0.00000E+00  0.00000E+00  0.00000E+00  0.00000E+00 -3.26250E-03  0.00000E+00  0.00000E+00  0.00000E+00
 875.0  0.00000E+00  0.00000E+00  0.00000E+00  0.00000E+00 -3.28125E-03  0.00000E+00  0.00000E+00  0.00000E+00
 880.0  0.00000E+00  0.00000E+00  0.00000E+00  0.00000E+00 -3.30000E-03  0.00000E+00  0.00000E+00  0.00000E+00
 885.0  0.00000E+00  0.00000E+00  0.00000E+00  0.00000E+00 -3.31875E-03  0.00000E+00  0.00000E+00  0.00000E+00
 890.0  0.00000E+00  0.00000E+00  0.00000E+00  0.00000E+00 -3.33750E-03  0.00000E+00  0.00000E+00  0.00000E+00
 895.0  0.00000E+00  0.00000E+00  0.00000E+00  0.00000E+00 -3.35625E-03  0.00000E+00  0.00000E+00  0.00000E+00
 900.0  0.00000E+00  0.00000E+00  0.00000E+00  0.00000E+00 -3.37500E-03  0.00000E+00  0.00000E+00  0.00000E+00
 905.0  0.00000E+00  0.00000E+00  0.00000E+00  0.00000E+00 -3.39375E-03  0.00000E+00  0.00000E+00  0.00000E+00
 910.0  0.00000E+00  0.00000E+00  0.00000E+00  0.00000E+00 -3.41250E-03  0.00000E+00  0.00000E+00  0.00000E+00
 915.0  0.00000E+00  0.00000E+00  0.00000E+00  0.00000E+00 -3.43125E-03  0.00000E+00  0.00000E+00  0.00000E+00
 920.0  0.00000E+00  0.00000E+00  0.00000E+00  0.00000E+00 -3.45000E-03  0.00000E+00  0.00000E+00  0.00000E+00
 925.0  0.00000E+00  0.00000E+00  0.00000E+00  0.00000E+00 -3.46875E-03  0.00000E+00  0.00000E+00  0.00000E+00
 930.0  0.00000E+00  0.00000E+00  0.00000E+00  0.00000E+00 -3.48750E-03  0.00000E+00  0.00000E+00  0.00000E+00
 935.0  0.00000E+00  0.00000E+00  0.00000E+00  0.00000E+00 -3.50625E-03  0.00000E+00  0.00000E+00  0.00000E+00
 940.0  0.00000E+00  0.00000E+00  0.00000E+00  0.00000E+00 -3.52500E-03  0.00000E+00  0.00000E+00  0.00000E+00
 945.0  0.00000E+00  0.00000E+00  0.00000E+00  0.00000E+00 -3.54375E-03  0.00000E+00  0.00000E+00  0.00000E+00
 950.0  0.00000E+00  0.00000E+00  0.00000E+00  0.00000E+00 -3.56250E-03  0.00000E+00  0.00000E+00  0.00000E+00
 955.0  0.00000E+00  0.00000E+00  0.00000E+00  0.00000E+00 -3.58125E-03  0.00000E+00  0.00000E+00  0.00000E+00
 960.0  0.00000E+00  0.00000E+00  0.00000E+00  0.00000E+00 -3.60000E-03  0.00000E+00  0.00000E+00  0.00000E+00
 965.0  0.00000E+00  0.00000E+00  0.00000E+00  0.00000E+00 -3.61875E-03  0.00000E+00  0.00000E+00  0.00000E+00
 970.0  0.00000E+00  0.00000E+00  0.00000E+00  0.00000E+00 -3.63750E-03  0.00000E+00  0.00000E+00  0.00000E+00
 975.0  0.00000E+00  0.00000E+00  0.00000E+00  0.00000E+00 -3.65625E-03  0.00000E+00  0.00000E+00  0.00000E+00
 980.0  0.00000E+00  0.00000E+00  0.00000E+00  0.00000E+00 -3.67500E-03  0.00000E+00  0.00000E+00  0.00000E+00
 985.0  0.00000E+00  0.00000E+00  0.00000E+00  0.00000E+00 -3.69375E-03  0.00000E+00  0.00000E+00  0.00000E+00
 990.0  0.00000E+00  0.00000E+00  0.00000E+00  0.00000E+00 -3.71250E-03  0.00000E+00  0.00000E+00  0.00000E+00
 995.0  0.00000E+00  0.00000E+00  0.00000E+00  0.00000E+00 -3.73125E-03  0.00000E+00  0.00000E+00  0.00000E+00
1000.0  0.00000E+00  0.00000E+00  0.00000E+00  0.00000E+00 -3.75000E-03  0.00000E+00  0.00000E+00  0.00000E+00
1005.0  0.00000E+00  0.00000E+00  0.00000E+00  0.00000E+00 -3.76875E-03  0.00000E+00  0.00000E+00  0.00000E+00
1010.0  0.00000E+00  0.00000E+00  0.00000E+00  0.00000E+00 -3.78750E-03  0.00000E+00  0.00000E+00  0.00000E+00
1015.0  0.00000E+00  0.00000E+00  0.00000E+00  0.00000E+00 -3.80625E-03  0.00000E+00  0.00000E+00  0.00000E+00
1020.0  0.00000E+00  0.00000E+00  0.00000E+00  0.00000E+00 -3.82500E-03  0.00000E+00  0.00000E+00  0.00000E+00
1025.0  0.00000E+00  0.00000E+00  0.00000E+00  0.00000E+00 -3.84375E-03  0.00000E+00  0.00000E+00  0.00000E+00
1030.0  0.00000E+00  0.00000E+00  0.00000E+00  0.00000E+00 -3.86250E-03  0.00000E+00  0.00000E+00  0.00000E+00
1035.0  0.00000E+00  0.00000E+00  0.00000E+00  0.00000E+00 -3.88125E-03  0.00000E+00  0.00000E+00  0.00000E+00
1040.0  0.00000E+00  0.00000E+00  0.00000E+00  0.00000E+00 -3.90000E-03  0.00000E+00  0.00000E+00  0.00000E+00
1045.0  0.00000E+00  0.00000E+00  0.00000E+00  0.00000E+00 -3.91875E-03  0.00000E+00  0.00000E+00  0.00000E+00
1050.0  0.00000E+00  0.00000E+00  0.00000E+00  0.00000E+00 -3.93750E-03  0.00000E+00  0.00000E+00  0.00000E+00
1055.0  0.00000E+00  0.00000E+00  0.00000E+00  0.00000E+00 -3.95625E-03  0.00000E+00  0.00000E+00  0.00000E+00
1060.0  0.00000E+00  0.00000E+00  0.00000E+00  0.00000E+00 -3.97500E-03  0.00000E+00  0.00000E+00  0.00000E+00
1065.0  0.00000E+00  0.00000E+00  0.00000E+00  0.00000E+00 -3.99375E-03  0.00000E+00  0.00000E+00  0.00000E+00
1070.0  0.00000E+00  0.00000E+00  0.00000E+00  0.00000E+00 -4.01250E-03  0.00000E+00  0.00000E+00  0.00000E+00
1075.0  0.00000E+00  0.00000E+00  0.00000E+00  0.00000E+00 -4.03125E-03  0.00000E+00  0.00000E+00  0.00000E+00
1080.0  0.00000E+00  0.00000E+00  0.00000E+00  0.00000E+00 -4.05000E-03  0.00000E+00  0.00000E+00  0.00000E+00
1085.0  0.00000E+00  0.00000E+00  0.00000E+00  0.00000E+00 -4.06875E-03  0.00000E+00  0.00000E+00  0.00000E+00
1090.0  0.00000E+00  0.00000E+00  0.00000E+00  0.00000E+00 -4.08750E-03  0.00000E+00  0.00000E+00  0.00000E+00
1095.0  0.00000E+00  0.00000E+00  0.00000E+00  0.00000E+00 -4.10625E-03  0.00000E+00  0.00000E+00  0.00000E+00
1100.0  0.00000E+00  0.00000E+00  0.00000E+00  0.00000E+00 -4.12500E-03  0.00000E+00  0.00000E+00  0.00000E+00
1105.0  0.00000E+00  0.00000E+00  0.00000E+00  0.00000E+00 -4.14375E-03  0.00000E+00  0.00000E+00  0.00000E+00
1110.0  0.00000E+00  0.00000E+00  0.00000E+00  0.00000E+00 -4.16250E-03  0.00000E+00  0.00000E+00  0.00000E+00
1115.0  0.00000E+00  0.00000E+00  0.00000E+00  0.00000E+00 -4.18125E-03  0.00000E+00  0.00000E+00  0.00000E+00
1120.0  0.00000E+00  0.00000E+00  0.00000E+00  0.00000E+00 -4.20000E-03  0.00000E+00  0.00000E+00  0.00000E+00
1125.0  0.00000E+00  0.00000E+00  0.00000E+00  0.00000E+00 -4.21875E-03  0.00000E+00  0.00000E+00  0.00000E+00
1130.0  0.00000E+00  0.00000E+00  0.00000E+00  0.00000E+00 -4.23750E-03  0.00000E+00  0.00000E+00  0.00000E+00
1135.0  0.00000E+00  0.00000E+00  0.00000E+00  0.00000E+00 -4.25625E-03  0.00000E+00  0.00000E+00  0.00000E+00
1140.0  0.00000E+00  0.00000E+00  0.00000E+00  0.00000E+00 -4.27500E-03  0.00000E+00  0.00000E+00  0.00000E+00
1145.0  0.00000E+00  0.00000E+00  0.00000E+00  0.00000E+00 -4.29375E-03  0.00000E+00  0.00000E+00  0.00000E+00
1150.0  0.00000E+00  0.00000E+00  0.00000E+00  0.00000E+00 -4.31250E-03  0.00000E+00  0.00000E+00  0.00000E+00
1155.0  0.00000E+00  0.00000E+00  0.00000E+00  0.00000E+00 -4.33125E-03  0.00000E+00  0.00000E+00  0.00000E+00
1160.0  0.00000E+00  0.00000E+00  0.00000E+00  0.00000E+00 -4.35000E-03  0.00000E+00  0.00000E+00  0.00000E+00
1165.0  0.00000E+00  0.00000E+00  0.00000E+00  0.00000E+00 -4.36875E-03  0.00000E+00  0.00000E+00  0.00000E+00
1170.0  0.00000E+00  0.00000E+00  0.00000E+00  0.00000E+00 -4.38750E-03  0.00000E+00  0.00000E+00  0.00000E+00
1175.0  0.00000E+00  0.00000E+00  0.00000E+00  0.00000E+00 -4.40625E-03  0.00000E+00  0.00000E+00  0.00000E+00
1180.0  0.00000E+00  0.00000E+00  0.00000E+00  0.00000E+00 -4.42500E-03  0.00000E+00  0.00000E+00  0.00000E+00
1185.0  0.00000E+00  0.00000E+00  0.00000E+00  0.00000E+00 -4.44375E-03  0.00000E+00  0.00000E+00  0.00000E+00
1190.0  0.00000E+00  0.00000E+00  0.00000E+00  0.00000E+00 -4.46250E-03  0.00000E+00  0.00000E+00  0.00000E+00
1195.0  0.00000E+00  0.00000E+00  0.00000E+00  0.00000E+00 -4.48125E-03  0.00000E+00  0.00000E+00  0.00000E+00
1200.0  0.00000E+00  0.00000E+00  0.00000E+00  0.00000E+00 -4.50000E-03  0.00000E+00  0.00000E+00  0.00000E+00
1205.0  0.00000E+00  0.00000E+00  0.00000E+00  0.00000E+00 -4.51875E-03  0.00000E+00  0.00000E+00  0.00000E+00
1210.0  0.00000E+00  0.00000E+00  0.00000E+00  0.00000E+00 -4.53750E-03  0.00000E+00  0.00000E+00  0.00000E+00
1215.0  0.00000E+00  0.00000E+00  0.00000E+00  0.00000E+00 -4.55625E-03  0.00000E+00  0.00000E+00  0.00000E+00
1220.0  0.00000E+00  0.00000E+00  0.00000E+00  0.00000E+00 -4.57500E-03  0.00000E+00  0.00000E+00  0.00000E+00
1225.0  0.00000E+00  0.00000E+00  0.00000E+00  0.00000E+00 -4.59375E-03  0.00000E+00  0.00000E+00  0.00000E+00
1230.0  0.00000E+00  0.00000E+00  0.00000E+00  0.00000E+00 -4.61250E-03  0.00000E+00  0.00000E+00  0.00000E+00
1235.0  0.00000E+00  0.00000E+00  0.00000E+00  0.00000E+00 -4.63125E-03  0.00000E+00  0.00000E+00  0.00000E+00
1240.0  0.00000E+00  0.00000E+00  0.00000E+00  0.00000E+00 -4.65000E-03  0.00000E+00  0.00000E+00  0.00000E+00
1245.0  0.00000E+00  0.00000E+00  0.00000E+00  0.00000E+00 -4.66875E-03  0.00000E+00  0.00000E+00  0.00000E+00
1250.0  0.00000E+00  0.00000E+00  0.00000E+00  0.00000E+00 -4.68750E-03  0.00000E+00  0.00000E+00  0.00000E+00
1255.0  0.00000E+00  0.00000E+00  0.00000E+00  0.00000E+00 -4.70625E-03  0.00000E+00  0.00000E+00  0.00000E+00
1260.0  0.00000E+00  0.00000E+00  0.00000E+00  0.00000E+00 -4.72500E-03  0.00000E+00  0.00000E+00  0.00000E+00
1265.0  0.00000E+00  0.00000E+00  0.00000E+00  0.00000E+00 -4.74375E-03  0.00000E+00  0.00000E+00  0.00000E+00
1270.0  0.00000E+00  0.00000E+00  0.00000E+00  0.00000E+00 -4.76250E-03  0.00000E+00  0.00000E+00  0.00000E+00
1275.0  0.00000E+00  0.00000E+00  0.00000E+00  0.00000E+00 -4.78125E-03  0.00000E+00  0.00000E+00  0.00000E+00
1280.0  0.00000E+00  0.00000E+00  0.00000E+00  0.00000E+00 -4.80000E-03  0.00000E+00  0.00000E+00  0.00000E+00
1285.0  0.00000E+00  0.00000E+00  0.00000E+00  0.00000E+00 -4.81875E-03  0.00000E+00  0.00000E+00  0.00000E+00
1290.0  0.00000E+00  0.00000E+00  0.00000E+00  0.00000E+00 -4.83750E-03  0.00000E+00  0.00000E+00  0.00000E+00
1295.0  0.00000E+00  0.00000E+00  0.00000E+00  0.00000E+00 -4.85625E-03  0.00000E+00  0.00000E+00  0.00000E+00
1300.0  0.00000E+00  0.00000E+00  0.00000E+00  0.00000E+00 -4.87500E-03  0.00000E+00  0.00000E+00  0.00000E+00
1305.0  0.00000E+00  0.00000E+00  0.00000E+00  0.00000E+00 -4.89375E-03  0.00000E+00  0.00000E+00  0.00000E+00
1310.0  0.00000E+00  0.00000E+00  0.00000E+00  0.00000E+00 -4.91250E-03  0.00000E+00  0.00000E+00  0.00000E+00
1315.0  0.00000E+00  0.00000E+00  0.00000E+00  0.00000E+00 -4.93125E-03  0.00000E+00  0.00000E+00  0.00000E+00
1320.0  0.00000E+00  0.00000E+00  0.00000E+00  0.00000E+00 -4.95000E-03  0.00000E+00  0.00000E+00  0.00000E+00
1325.0  0.00000E+00  0.00000E+00  0.00000E+00  0.00000E+00 -4.96875E-03  0.00000E+00  0.00000E+00  0.00000E+00
1330.0  0.00000E+00  0.00000E+00  0.00000E+00  0.00000E+00 -4.98750E-03  0.00000E+00  0.00000E+00  0.00000E+00
1335.0  0.00000E+00  0.00000E+00  0.00000E+00  0.00000E+00 -5.00625E-03  0.00000E+00  0.00000E+00  0.00000E+00
1340.0  0.00000E+00  0.00000E+00  0.00000E+00  0.00000E+00 -5.02500E-03  0.00000E+00  0.00000E+00  0.00000E+00
1345.0  0.00000E+00  0.00000E+00  0.00000E+00  0.00000E+00 -5.04375E-03  0.00000E+00  0.00000E+00  0.00000E+00
1350.0  0.00000E+00  0.00000E+00  0.00000E+00  0.00000E+00 -5.06250E-03  0.00000E+00  0.00000E+00  0.00000E+00
1355.0  0.00000E+00  0.00000E+00  0.00000E+00  0.00000E+00 -5.08125E-03  0.00000E+00  0.00000E+00  0.00000E+00
1360.0  0.00000E+00  0.00000E+00  0.00000E+00  0.00000E+00 -5.10000E-03  0.00000E+00  0.00000E+00  0.00000E+00
1365.0  0.00000E+00  0.00000E+00  0.00000E+00  0.00000E+00 -5.11875E-03  0.00000E+00  0.00000E+00  0.00000E+00
1370.0  0.00000E+00  0.00000E+00  0.00000E+00  0.00000E+00 -5.13750E-03  0.00000E+00  0.00000E+00  0.00000E+00
1375.0  0.00000E+00  0.00000E+00  0.00000E+00  0.00000E+00 -5.15625E-03  0.00000E+00  0.00000E+00  0.00000E+00
1380.0  0.00000E+00  0.00000E+00  0.00000E+00  0.00000E+00 -5.17500E-03  0.00000E+00  0.00000E+00  0.00000E+00
1385.0  0.00000E+00  0.00000E+00  0.00000E+00  0.00000E+00 -5.19375E-03  0.00000E+00  0.00000E+00  0.00000E+00
1390.0  0.00000E+00  0.00000E+00  0.00000E+00  0.00000E+00 -5.21250E-03  0.00000E+00  0.00000E+00  0.00000E+00
1395.0  0.00000E+00  0.00000E+00  0.00000E+00  0.00000E+00 -5.23125E-03  0.00000E+00  0.00000E+00  0.00000E+00
1400.0  0.00000E+00  0.00000E+00  0.00000E+00  0.00000E+00 -5.25000E-03  0.00000E+00  0.00000E+00  0.00000E+00
1405.0  0.00000E+00  0.00000E+00  0.00000E+00  0.00000E+00 -5.26875E-03  0.00000E+00  0.00000E+00  0.00000E+00
1410.0  0.00000E+00  0.00000E+00  0.00000E+00  0.00000E+00 -5.28750E-03  0.00000E+00  0.00000E+00  0.00000E+00
1415.0  0.00000E+00  0.00000E+00  0.00000E+00  0.00000E+00 -5.30625E-03  0.00000E+00  0.00000E+00  0.00000E+00
1420.0  0.00000E+00  0.00000E+00  0.00000E+00  0.00000E+00 -5.32500E-03  0.00000E+00  0.00000E+00  0.00000E+00
1425.0  0.00000E+00  0.00000E+00  0.00000E+00  0.00000E+00 -5.34375E-03  0.00000E+00  0.00000E+00  0.00000E+00
1430.0  0.00000E+00  0.00000E+00  0.00000E+00  0.00000E+00 -5.36250E-03  0.00000E+00  0.00000E+00  0.00000E+00
1435.0  0.00000E+00  0.00000E+00  0.00000E+00  0.00000E+00 -5.38125E-03  0.00000E+00  0.00000E+00  0.00000E+00
1440.0  0.00000E+00  0.00000E+00  0.00000E+00  0.00000E+00 -5.40000E-03  0.00000E+00  0.00000E+00  0.00000E+00
1445.0  0.00000E+00  0.00000E+00  0.00000E+00  0.00000E+00 -5.41875E-03  0.00000E+00  0.00000E+00  0.00000E+00
1450.0  0.00000E+00  0.00000E+00  0.00000E+00  0.00000E+00 -5.43750E-03  0.00000E+00  0.00000E+00  0.00000E+00
1455.0  0.00000E+00  0.00000E+00  0.00000E+00  0.00000E+00 -5.45625E-03  0.00000E+00  0.00000E+00  0.00000E+00
1460.0  0.00000E+00  0.00000E+00  0.00000E+00  0.00000E+00 -5.47500E-03  0.00000E+00  0.00000E+00  0.00000E+00
1465.0  0.00000E+00  0.00000E+00  0.00000E+00  0.00000E+00 -5.49375E-03  0.00000E+00  0.00000E+00  0.00000E+00
1470.0  0.00000E+00  0.00000E+00  0.00000E+00  0.00000E+00 -5.51250E-03  0.00000E+00  0.00000E+00  0.00000E+00
1475.0  0.00000E+00  0.00000E+00  0.00000E+00  0.00000E+00 -5.53125E-03  0.00000E+00  0.00000E+00  0.00000E+00
1480.0  0.00000E+00  0.00000E+00  0.00000E+00  0.00000E+00 -5.55000E-03  0.00000E+00  0.00000E+00  0.00000E+00
1485.0  0.00000E+00  0.00000E+00  0.00000E+00  0.00000E+00 -5.56875E-03  0.00000E+00  0.00000E+00  0.00000E+00
1490.0  0.00000E+00  0.00000E+00  0.00000E+00  0.00000E+00 -5.58750E-03  0.00000E+00  0.00000E+00  0.00000E+00
1495.0  0.00000E+00  0.00000E+00  0.00000E+00  0.00000E+00 -5.60625E-03  0.00000E+00  0.00000E+00  0.00000E+00
1500.0  0.00000E+00  0.00000E+00  0.00000E+00  0.00000E+00 -5.62500E-03  0.00000E+00  0.00000E+00  0.00000E+00
